elapsed time: 140.979999 (sec)
-8.43769e-15
-7.32747e-15
-4.44089e-15
1.55431e-14
2.39808e-14
3.10862e-15
-1.39888e-13
1.90958e-14
3.30291e-14
-1.88738e-15
2.73115e-14
-1.88738e-14
4.15223e-14
-1.20737e-14
6.46705e-14
3.24185e-14
2.89213e-14
1.11022e-13
2.7367e-14
2.79776e-14
-2.62013e-14
-1.01308e-13
2.30926e-14
4.50751e-14
-5.08482e-14
7.91034e-16
9.50351e-14
1.52656e-14
-2.04281e-14
-2.86438e-14
-1.9873e-14
-2.44249e-14
-1.11022e-13
9.41469e-14
2.81442e-14
-1.01363e-13
-9.57012e-14
1.59872e-14
7.35662e-14
-1.01363e-13
6.68354e-14
1.04361e-14
-5.93969e-14
6.90559e-14
-1.16296e-13
-7.33302e-14
2.26485e-14
5.86198e-14
-3.82472e-14
-3.33067e-14
-3.94129e-14
-5.04874e-14
-3.63876e-14
1.39333e-14
-1.24123e-13
2.9754e-14
-3.59157e-14
-1.37668e-14
5.9952e-15
1.11022e-14
-1.24456e-13
8.50431e-14
-5.56777e-14
1.40998e-14
-5.10703e-14
-7.00551e-14
-3.06422e-14
5.32907e-15
-1.01696e-13
2.33702e-14
-2.08722e-14
-2.7589e-14
-1.81299e-13
-1.9873e-14
-6.28941e-14
-1.22458e-13
-1.62093e-13
2.38698e-13
-6.90559e-14
7.12763e-14
3.14748e-14
-9.71445e-14
1.09079e-13
-1.66867e-13
2.10942e-14
-2.38698e-14
-9.99201e-15
2.60902e-14
-5.10703e-14
8.9817e-14
-5.39568e-14
-2.80886e-14
-6.4948e-15
-7.41629e-14
-5.52891e-14
-4.35207e-14
2.5957e-13
2.25292e-13
-1.98286e-13
-6.99441e-14
8.59868e-14
-1.30562e-13
-1.34337e-14
-3.72757e-14
-8.61533e-14
8.79297e-14
6.57807e-14
-3.42781e-14
1.74083e-13
5.15143e-14
-1.06581e-13
-2.07834e-13
3.95239e-14
-8.65419e-14
-1.23651e-13
4.79172e-13
1.43441e-13
-4.44089e-15
-1.89515e-13
5.72875e-14
-9.62563e-14
9.52571e-14
1.47327e-13
-1.59595e-13
6.60583e-15
1.24054e-13
-1.14908e-14
-3.30846e-14
-1.97731e-13
2.47746e-13
-5.76206e-14
-1.88294e-13
-4.66294e-15
5.77316e-14
-2.78777e-13
1.38389e-13
1.9329e-13
-1.44607e-13
1.51323e-13
1.13687e-13
9.61453e-14
7.51066e-14
-1.15241e-13
-1.29896e-13
-1.13243e-14
5.32907e-14
4.27436e-15
-1.96176e-13
7.84928e-14
1.41664e-13
1.18794e-13
-1.03251e-14
-7.81597e-14
1.60205e-13
-2.83995e-13
-1.5013e-13
1.28231e-13
-7.70495e-14
3.68594e-13
4.33542e-14
1.1946e-13
1.57652e-13
-2.38032e-13
-2.39808e-14
1.87628e-14
-1.19904e-13
1.78857e-13
2.88658e-14
1.67477e-13
9.17044e-14
-2.81747e-13
-6.28386e-14
-1.5099e-14
2.01394e-13
1.32505e-13
-2.93099e-14
-9.99201e-15
3.77476e-14
5.9952e-15
1.06137e-13
1.19016e-13
-2.85327e-13
-8.06299e-14
2.30704e-13
9.01501e-14
1.45217e-13
-1.63869e-13
-6.03961e-14
-1.73861e-13
-6.18949e-14
4.66738e-13
1.37446e-13
7.34968e-14
2.14273e-14
4.65183e-14
2.51021e-13
1.56875e-13
-5.15143e-14
-1.48437e-13
2.70894e-14
-1.55431e-13
-5.66214e-15
-1.05915e-13
1.39e-13
8.99281e-14
4.04121e-14
1.66533e-14
2.09166e-13
2.60902e-13
-4.92939e-14
1.53211e-14
2.18714e-14
-7.99361e-15
-5.2458e-14
-1.02141e-14
-4.66294e-14
-2.9754e-14
-2.20268e-13
9.65894e-14
7.72715e-14
-3.19744e-14
-2.36922e-13
1.90958e-13
-1.46549e-13
5.4734e-14
5.65548e-13
-8.9373e-14
-1.03251e-14
-4.88498e-14
-1.10134e-13
1.17906e-13
1.78746e-13
9.25926e-14
-3.77476e-15
-4.26326e-14
1.28675e-13
8.14904e-14
1.43441e-13
-6.21725e-15
3.24185e-14
-9.19265e-14
2.13329e-13
-2.96291e-13
-8.55982e-14
-3.12639e-13
1.95399e-14
2.37699e-13
-5.4623e-14
1.17462e-13
8.39329e-14
-4.50751e-13
-2.70339e-14
1.75415e-13
-3.83638e-13
-4.41203e-13
1.95399e-14
1.19904e-14
-5.08482e-14
1.26066e-13
-7.10543e-15
-1.65645e-13
-7.9492e-14
2.2049e-13
-1.45661e-13
-2.66454e-14
-4.40759e-14
1.44329e-14
-9.49241e-14
-1.61426e-13
5.09814e-13
1.75859e-13
-3.475e-14
7.93809e-14
5.7232e-14
2.77556e-15
2.37588e-13
-2.91989e-14
-7.88258e-14
-2.19824e-14
3.16414e-13
-1.32672e-13
-5.43732e-14
-2.64455e-13
1.35558e-13
-2.28928e-13
-1.46549e-14
2.39808e-14
-2.50466e-13
-3.59712e-14
-3.51275e-13
2.38198e-13
-3.02869e-13
4.52971e-14
1.09246e-13
-1.5854e-13
1.38334e-13
-3.05311e-13
2.24265e-13
-1.60982e-15
-1.33227e-14
1.00697e-13
-3.01092e-13
-3.73035e-14
-5.16087e-13
-1.65645e-13
2.40918e-13
1.50033e-13
-8.52651e-14
4.1378e-13
1.17129e-13
-1.5099e-14
-1.66533e-13
9.24261e-14
1.12577e-13
7.9492e-14
2.30926e-14
-4.41869e-14
6.19504e-14
3.78586e-13
-1.36557e-14
-8.40439e-14
8.61533e-14
-1.32117e-14
-2.65232e-13
8.17124e-14
3.30402e-13
-7.28306e-14
3.37508e-13
9.76996e-15
8.10463e-15
-1.64535e-13
-9.37028e-14
1.9984e-13
-7.66054e-14
-8.95117e-14
1.76748e-13
-1.68754e-14
-1.23901e-13
-2.68674e-14
8.84182e-13
8.81517e-14
5.52614e-14
-1.70194e-13
9.58122e-14
6.73794e-13
-1.6942e-13
1.76581e-13
-1.20903e-13
-8.63754e-14
-3.2685e-13
-3.54161e-13
5.2347e-14
7.86038e-14
9.80105e-13
7.52454e-14
-1.47216e-13
1.63203e-13
-4.4964e-13
-4.21885e-15
-1.76026e-13
4.68958e-13
-1.61648e-13
1.8785e-13
-8.19345e-14
3.82888e-14
5.08482e-14
-1.58096e-13
-1.19904e-14
-3.29181e-14
-3.65041e-13
-1.98508e-13
-1.27232e-13
7.72715e-14
-3.66929e-13
-9.4369e-14
-1.62315e-13
-1.06581e-13
1.40221e-13
-2.98206e-13
2.25264e-13
4.9738e-14
-1.89848e-13
2.10942e-13
-2.15383e-13
-1.8141e-13
7.4607e-14
-7.13873e-14
2.46025e-13
-1.50102e-13
-7.41629e-14
1.75415e-14
-1.64979e-13
-1.55431e-13
-6.50591e-14
2.30926e-14
-1.62259e-13
2.39808e-14
-2.04281e-14
-4.34652e-13
-3.062e-13
-2.41362e-13
-1.08802e-14
4.44089e-16
2.95319e-13
-4.66294e-15
-1.47438e-13
1.03517e-12
-1.71085e-13
5.72875e-14
-7.10543e-15
3.84692e-14
-3.80806e-14
1.11244e-13
-8.06022e-14
-2.71339e-13
3.12306e-13
-8.84154e-14
2.22045e-14
1.15352e-13
-2.28706e-13
-5.77316e-15
3.08642e-14
3.95683e-13
3.70814e-14
2.27374e-13
-2.49134e-13
-7.10543e-15
-2.15938e-13
1.68754e-13
-6.39488e-14
-1.25011e-13
-1.66978e-13
5.43565e-13
1.91291e-13
2.32592e-13
3.4861e-14
-8.43769e-15
-7.74936e-14
-2.80664e-13
-1.78524e-13
-2.9754e-14
-1.45994e-14
6.15064e-14
1.95399e-13
3.42393e-13
-4.01512e-13
2.26485e-13
-2.81997e-13
-1.5199e-13
-1.18572e-13
3.67928e-13
2.29705e-13
-5.31131e-13
1.52212e-13
-2.23155e-13
1.33282e-13
-9.99201e-15
3.23075e-13
1.42664e-13
-1.73639e-13
-5.51781e-14
3.33067e-15
1.62204e-13
9.21485e-14
4.41869e-14
-2.60181e-13
-9.02056e-15
-4.23883e-13
2.76223e-13
-8.81517e-14
-7.01661e-14
1.65423e-13
3.85469e-13
7.90479e-14
8.85958e-14
-1.20792e-13
-4.79616e-14
-4.92717e-13
4.01457e-13
3.01092e-13
1.12466e-13
4.32987e-14
3.56604e-13
-1.57652e-13
-3.84137e-14
-2.43916e-13
-5.01821e-14
1.50435e-13
-2.5524e-13
4.30905e-13
1.12133e-13
2.18936e-13
-4.88498e-14
-1.60982e-13
-2.05946e-14
-1.4122e-13
2.32037e-14
-2.4214e-13
-1.28786e-13
-1.02585e-13
-4.20997e-13
-1.5099e-13
-2.24043e-13
1.17684e-13
-1.39888e-13
1.99396e-13
-4.01235e-13
-1.11688e-13
1.04361e-14
-5.9952e-14
1.59317e-13
-4.21663e-13
3.40172e-13
2.66009e-13
4.57412e-14
-1.48326e-13
-3.06422e-14
6.08402e-14
-4.22773e-13
9.68114e-14
1.52767e-13
-2.94209e-14
-4.91829e-14
-3.18856e-13
2.40918e-14
-4.44089e-14
2.01172e-13
2.44915e-13
7.37632e-13
2.69229e-13
-5.72875e-14
-1.90958e-14
-1.83409e-13
-5.2669e-13
8.07798e-13
-1.06581e-13
-1.06692e-12
-2.71894e-13
-5.98188e-13
-3.00426e-13
-4.20108e-13
-5.77316e-14
-2.21601e-13
5.50671e-14
-1.30562e-13
1.46994e-13
2.65343e-13
-1.55431e-13
6.03129e-14
-1.43607e-13
-1.78746e-14
-9.37028e-14
1.94511e-13
2.60458e-13
1.38334e-13
6.4837e-14
-6.93889e-15
-4.16556e-13
-5.35572e-13
8.27671e-14
1.4122e-13
2.02172e-13
1.10134e-13
2.54463e-13
3.24185e-14
-1.4122e-13
2.94875e-13
3.47278e-13
6.4615e-14
5.82201e-13
-1.44329e-13
6.26166e-14
-1.23901e-13
1.89737e-13
-6.86118e-14
1.74305e-14
1.46105e-13
-5.79981e-13
1.19238e-13
8.19622e-14
5.92859e-14
2.50688e-13
3.77476e-14
1.20348e-13
3.92242e-13
8.03801e-14
1.60316e-13
3.84581e-13
-8.52651e-14
-5.42677e-13
1.00364e-13
-1.5099e-14
2.04281e-13
-8.34888e-14
1.46771e-13
4.32987e-15
1.86073e-13
-1.11022e-14
-1.11466e-13
-1.66533e-13
1.9984e-14
1.57652e-14
2.08722e-13
-1.98508e-13
1.13198e-12
5.83533e-13
-3.41949e-14
-8.88178e-14
-2.27374e-13
-1.28619e-13
6.66245e-13
-1.76414e-13
5.52447e-13
-1.18094e-12
-5.32907e-15
-3.18412e-13
-1.38667e-13
-1.01075e-12
-1.73639e-13
1.02807e-13
8.30447e-14
-2.22933e-13
2.18714e-13
-1.47438e-13
1.59928e-13
2.29261e-13
1.17684e-13
3.13971e-13
6.39488e-14
-5.94191e-13
-2.66454e-14
1.36779e-13
-1.2701e-13
2.77112e-13
6.06626e-13
-7.10543e-14
-3.2685e-13
1.26654e-12
2.11164e-13
-1.51434e-13
-3.37064e-13
8.9706e-14
5.72764e-13
-2.13163e-13
2.55795e-13
1.50102e-13
-4.01679e-13
2.37144e-13
3.13083e-13
-6.70575e-14
1.03917e-13
-2.62013e-13
1.20792e-13
-1.04805e-13
-1.92735e-13
-2.86438e-13
1.81521e-14
-1.96954e-13
-8.26006e-14
1.71418e-13
2.72227e-13
9.05942e-14
-5.59552e-14
3.05977e-13
-3.77809e-13
5.6577e-13
5.68434e-14
3.64153e-13
4.76952e-13
1.44773e-13
1.08358e-13
-6.6791e-13
-9.28146e-14
-1.54543e-13
4.88498e-14
-3.81473e-13
-1.69864e-13
-3.81917e-14
-2.04281e-14
5.0715e-13
-3.09086e-13
-6.83897e-14
1.53655e-13
-1.2701e-13
-6.39488e-14
-1.63425e-13
1.01696e-13
1.93623e-13
1.23457e-13
-4.6696e-13
-2.41585e-13
-6.47482e-13
-2.66898e-13
3.062e-13
-3.65485e-13
3.39284e-13
-1.17684e-14
-1.28009e-13
5.63993e-13
-4.45421e-13
6.16396e-13
4.52971e-14
1.00364e-12
-1.01252e-13
-9.14824e-14
-9.90319e-14
-5.22915e-14
-6.56364e-13
1.25455e-14
2.82885e-13
9.32587e-14
1.89626e-13
3.73035e-14
3.60156e-13
-8.70415e-14
2.38476e-13
1.58318e-13
2.41585e-13
-8.60867e-13
-6.4837e-14
2.62013e-13
3.68594e-14
5.87086e-13
-6.22169e-13
-1.4122e-13
5.12923e-14
-1.00808e-13
-1.21181e-13
-1.84297e-13
-7.06102e-13
2.07834e-13
-1.45661e-13
-3.8991e-13
6.90559e-14
-1.92679e-13
-4.61742e-13
1.16351e-13
-1.46549e-13
2.13163e-13
-8.26006e-14
3.66374e-13
-2.04281e-14
1.3145e-13
-2.93099e-14
1.9218e-13
-2.65565e-13
1.50102e-13
1.88738e-13
1.77636e-14
1.54543e-13
1.11022e-14
-6.70075e-13
1.27676e-13
2.04725e-13
-1.07914e-13
-5.50671e-14
-9.23706e-14
2.84661e-13
-1.22924e-12
2.39808e-14
4.15668e-13
3.41949e-14
1.25677e-13
2.25375e-14
1.3578e-13
-2.05946e-13
5.16032e-13
-1.13509e-12
-7.37188e-14
2.76223e-13
9.68114e-14
-7.90479e-14
-1.24345e-13
-1.0969e-13
1.61648e-13
1.33227e-14
8.64087e-13
1.92735e-13
-3.09974e-13
1.68754e-13
-1.13243e-14
4.87166e-13
-1.43663e-13
2.44249e-14
-1.0747e-13
9.63674e-14
-3.52607e-13
-4.79616e-14
-7.19425e-14
-2.24709e-13
-1.4988e-13
-4.06342e-14
-5.24025e-14
-1.7053e-13
1.3145e-13
1.63425e-13
6.06848e-13
4.22773e-13
4.23217e-13
8.72191e-13
1.55431e-13
1.57652e-13
-1.88738e-14
-3.10862e-15
-2.84883e-13
2.20712e-13
-1.54321e-13
4.67182e-13
-2.85105e-13
-3.60822e-14
-1.803e-13
1.25677e-13
-2.08722e-13
5.65548e-13
1.65645e-13
9.76996e-15
-5.52891e-14
1.64757e-13
6.59917e-13
-5.3868e-13
-2.36255e-13
3.81917e-14
1.73417e-13
6.72795e-14
-3.24185e-14
3.606e-13
-7.37188e-14
1.77636e-13
1.67311e-13
5.06262e-14
-8.52651e-14
1.11022e-14
1.18128e-13
-3.08198e-13
1.35891e-13
-4.08562e-14
3.89022e-13
7.14984e-14
2.69895e-13
-1.75859e-13
3.11973e-13
-1.96287e-13
-3.73923e-13
-7.4607e-14
3.28626e-14
2.4869e-13
-1.34559e-13
1.55431e-13
-5.05374e-13
-2.44249e-13
-6.53366e-14
1.91402e-13
1.54265e-13
-4.64517e-13
-2.06057e-13
4.8006e-13
-1.93845e-13
6.88338e-14
-3.89688e-13
9.66338e-13
1.01696e-13
-9.42579e-14
-2.8777e-13
1.74971e-13
-1.30007e-13
8.70415e-14
8.61533e-14
-4.08562e-14
-4.88498e-15
-7.86926e-13
1.35225e-13
-8.98837e-13
-6.21725e-15
4.90274e-13
6.75016e-14
4.30767e-14
-2.63789e-13
1.6942e-13
9.32587e-14
-1.5099e-14
-1.85629e-13
1.30895e-13
4.0945e-13
1.65201e-13
-7.86038e-14
-3.35731e-13
1.48326e-13
3.06422e-13
6.4615e-14
4.93827e-13
-1.5099e-13
9.90319e-14
-5.95524e-13
-1.42109e-14
-2.57572e-14
2.22933e-13
-3.18856e-13
-6.21725e-15
-1.42109e-14
3.11751e-13
2.64899e-13
-1.62093e-13
-1.52212e-13
3.7359e-14
1.72973e-13
2.20046e-13
2.35367e-13
-2.59792e-14
-1.59539e-13
-2.29594e-13
-5.04707e-13
9.99201e-14
-6.12843e-14
-1.03029e-13
-4.44089e-16
8.26006e-14
-8.08242e-14
-6.81011e-13
3.87246e-13
4.21885e-14
6.12843e-14
-2.01617e-13
4.03233e-13
1.42109e-14
-2.84217e-13
-3.78364e-13
7.1454e-13
-3.26406e-14
2.44249e-14
9.99201e-14
-2.04281e-13
-4.52971e-13
4.49196e-13
-3.01981e-14
-7.10543e-15
-8.43769e-14
-2.11386e-13
-2.30926e-13
-5.9508e-14
-7.41629e-14
-2.91878e-13
-1.04805e-13
3.90799e-14
-4.95604e-13
2.93099e-14
-4.86722e-13
-2.54907e-13
7.10543e-15
1.47438e-13
-1.20348e-13
2.18492e-13
7.10543e-15
1.73417e-13
-1.76748e-13
1.25455e-13
7.54952e-14
-6.60805e-13
1.10401e-12
6.70575e-14
-4.08562e-13
-1.75859e-13
-5.15143e-14
3.63709e-13
7.99361e-15
-3.56937e-14
-4.63629e-13
8.79297e-14
3.51719e-13
-5.17364e-14
5.50671e-14
-6.0485e-13
-2.22711e-13
-1.06359e-13
-4.35207e-14
-1.94511e-13
-3.2685e-13
1.24523e-12
9.81437e-14
2.79776e-13
5.11147e-13
-6.88338e-14
-1.48992e-13
7.34524e-13
7.55618e-13
1.531e-13
3.04812e-13
-5.39568e-13
-6.19504e-14
-9.32587e-14
-2.18492e-13
1.99174e-13
6.27942e-13
-4.35207e-14
6.95e-13
-1.55431e-14
2.30038e-13
1.803e-13
1.02418e-13
3.43725e-13
-2.04281e-14
-2.35367e-13
-7.28306e-14
4.76952e-13
-1.08885e-13
-6.12843e-13
1.98508e-13
-1.55209e-13
-4.24105e-13
-5.61218e-14
-8.57092e-14
1.52767e-13
-4.27658e-13
-5.55112e-14
3.62377e-13
-1.27898e-13
-4.47642e-13
3.78364e-13
5.9508e-14
2.04337e-13
-4.52971e-13
4.03011e-14
2.25597e-13
2.4869e-13
4.47642e-13
-1.1422e-12
1.19904e-14
1.86962e-13
2.367e-13
-1.3145e-13
1.37668e-13
-4.11671e-13
7.76934e-13
5.44897e-13
-9.23706e-14
1.89626e-13
-4.03677e-13
-2.00728e-13
4.54969e-13
-1.53655e-13
1.99396e-13
-2.77389e-13
-8.28226e-14
7.41629e-14
7.54952e-14
-3.44169e-13
9.4369e-14
-9.37028e-14
2.38476e-13
5.9508e-14
-1.20792e-13
3.04423e-13
3.06422e-14
-2.498e-15
5.86198e-14
-1.20792e-13
-1.2923e-13
-7.59393e-13
4.21219e-13
-1.00364e-13
1.98064e-13
-3.55271e-15
-2.84217e-14
4.61853e-14
1.81188e-13
2.6823e-13
-1.06359e-13
1.00364e-13
1.08358e-13
7.14984e-14
-2.20268e-13
1.08802e-13
4.95604e-13
2.44027e-13
5.90639e-13
4.61853e-13
-9.23706e-14
2.39808e-14
-3.01981e-14
-1.08802e-13
5.24469e-13
-1.64313e-14
-3.30402e-13
1.52767e-13
1.95177e-13
-9.79217e-14
-2.14051e-13
1.77636e-13
-2.66454e-15
-6.66134e-14
-4.0945e-13
4.92939e-13
-1.16351e-13
1.46771e-13
-2.14939e-13
-3.81029e-13
-1.03806e-14
-3.4639e-14
1.64313e-14
-1.07692e-13
5.22693e-13
-1.54543e-13
-4.10116e-13
1.59872e-14
2.75335e-13
-2.29594e-13
-1.76748e-13
1.08358e-13
-1.75859e-13
-6.07514e-13
5.13811e-13
5.71099e-13
-1.03917e-13
-1.44773e-13
6.4837e-14
2.15383e-14
-8.41549e-13
-7.4607e-14
-6.63691e-13
1.32339e-13
-4.20997e-13
7.07212e-14
-3.4861e-14
3.60156e-13
-1.18683e-13
6.59472e-14
9.01501e-14
-3.33067e-14
-6.36602e-13
7.32747e-14
2.70894e-14
1.83409e-13
5.28577e-13
-3.39201e-13
6.32716e-13
-1.37668e-13
3.41949e-14
-2.93099e-14
6.53255e-13
1.06581e-14
9.50351e-14
2.10498e-13
5.8642e-13
5.28466e-13
-1.22125e-14
-7.01661e-14
1.67866e-13
-2.23599e-13
-2.06501e-13
-4.26992e-13
-1.55875e-13
-7.74936e-14
-2.16716e-13
-3.11973e-13
3.52607e-13
-6.23945e-14
-4.88498e-15
-1.07914e-13
2.21823e-13
7.68274e-14
1.06581e-13
-7.14984e-14
-7.23865e-14
1.93623e-13
-3.26628e-13
-2.88658e-15
2.52909e-13
-1.31783e-13
-2.03393e-13
4.44089e-14
2.62013e-14
4.03011e-14
-1.51879e-13
-7.4607e-14
-1.06226e-12
1.80744e-13
1.85629e-13
-7.89924e-14
-6.0707e-13
-1.86517e-13
9.03722e-13
6.50591e-14
-3.9968e-14
-2.04281e-13
7.81819e-13
2.66898e-13
2.57572e-14
-4.24105e-13
-1.35003e-13
-6.4837e-14
7.53175e-13
2.6823e-13
-4.87943e-14
1.47438e-13
-1.27898e-13
-2.75335e-14
-6.10179e-13
-1.15408e-13
6.75016e-14
3.06422e-13
1.07692e-13
2.54685e-13
-2.85327e-13
-4.58744e-13
-4.40314e-13
-2.64233e-13
7.88952e-13
-4.0945e-13
-1.20348e-13
5.60441e-13
2.31815e-13
-2.52021e-14
2.6934e-13
4.88498e-14
2.2915e-13
-1.32339e-13
-2.45581e-13
3.69926e-13
-1.61537e-13
1.9007e-13
-1.90958e-14
7.86038e-14
-7.90479e-13
1.52767e-13
6.4837e-14
-4.40314e-13
-2.66454e-14
6.66134e-16
-6.08402e-14
-1.24789e-13
2.09721e-13
2.68674e-14
2.81997e-13
-4.79616e-14
-6.73239e-13
-5.16476e-13
-9.58122e-14
8.14904e-13
-8.89955e-13
5.41789e-14
-5.17142e-13
-1.9984e-13
-2.62457e-13
7.72715e-14
-3.51275e-13
-6.50591e-13
1.48326e-13
1.4313e-12
5.05374e-13
-7.74936e-14
1.69198e-13
-4.16556e-13
-2.4869e-13
-1.40998e-13
-1.40443e-14
-1.63702e-13
-4.64517e-13
-4.51861e-13
3.44613e-13
-1.48326e-13
-9.63674e-14
-9.76996e-14
5.63993e-14
3.75255e-13
-2.62013e-14
8.21565e-14
-7.34746e-13
5.0604e-13
6.34159e-13
2.85993e-13
-3.03535e-13
4.81837e-13
9.89875e-13
3.37508e-14
1.06137e-13
-1.63869e-13
6.53921e-14
1.22125e-13
-4.95159e-13
-5.50671e-13
1.19904e-14
-3.06422e-14
1.06581e-13
2.17937e-13
4.88498e-15
-1.0747e-13
5.55112e-14
3.06422e-14
-8.08242e-14
-5.85532e-13
-7.52731e-14
2.44249e-13
-3.81473e-13
2.84217e-13
-1.33227e-13
-1.65201e-13
8.77076e-14
1.87406e-13
-9.79217e-14
-3.3662e-13
-1.50324e-13
-1.30784e-13
-3.15303e-13
-1.72751e-13
6.66134e-14
1.91847e-13
1.2168e-13
1.84741e-13
-3.46834e-13
8.61533e-13
2.04281e-13
-1.98064e-13
2.90212e-13
-6.9722e-14
-2.68396e-14
1.11022e-14
2.86438e-13
1.35003e-13
5.12923e-14
-2.93099e-13
-1.43885e-13
3.4639e-14
-4.06342e-14
7.27196e-13
7.63833e-14
-3.3662e-13
8.12683e-14
5.57776e-13
7.90479e-14
5.6577e-13
1.38556e-13
9.23595e-13
-9.9476e-14
-1.68754e-14
-1.81188e-13
1.06137e-13
3.47278e-13
-1.54543e-13
1.64313e-13
-4.1922e-13
-2.71783e-13
6.59028e-13
-1.68698e-13
-4.18776e-13
2.6279e-13
1.08968e-13
-5.47118e-13
1.84741e-13
3.55271e-13
-6.49258e-13
-9.68114e-14
-1.03917e-13
1.20792e-13
4.44089e-13
5.76206e-14
7.44738e-13
7.61613e-14
-3.17968e-13
8.59757e-13
-1.19904e-13
-3.3662e-13
3.67262e-13
4.4853e-13
-4.26326e-13
6.91891e-13
-4.92051e-13
4.58744e-13
-2.85105e-13
3.57492e-14
5.19584e-14
3.88578e-13
8.81517e-14
3.42171e-13
-7.00773e-13
-2.50466e-13
-1.5099e-14
-1.00631e-12
1.0747e-13
2.93099e-14
-2.55129e-13
-5.86198e-14
2.44693e-13
-2.2915e-13
-2.59348e-13
-1.42553e-13
2.15827e-13
5.32907e-14
1.35003e-13
7.90479e-14
-3.37508e-14
5.41789e-14
-2.76446e-13
-2.73559e-13
-1.77636e-15
-1.63036e-13
1.9007e-13
1.68754e-14
4.52971e-14
1.43219e-13
-9.72555e-14
-2.07612e-14
3.52551e-13
-1.94955e-13
-1.08358e-13
5.07372e-13
1.11022e-13
6.58584e-13
-3.11973e-14
-2.09166e-13
5.54223e-13
-4.36318e-13
-1.23457e-13
-4.62075e-13
-5.85754e-13
-1.11022e-16
-8.69971e-13
3.70814e-14
-1.01563e-12
2.22045e-14
8.43769e-14
-1.00586e-13
-2.54463e-13
3.31513e-13
4.0512e-13
-3.71703e-13
-8.90399e-14
9.68114e-14
-1.60982e-14
-1.23845e-13
-7.02466e-13
-1.35447e-13
-2.67231e-13
6.5481e-13
4.39204e-13
-1.43441e-13
-1.92735e-13
-8.57009e-13
-1.78968e-13
-4.78284e-13
-3.44613e-13
2.78888e-13
-6.27942e-13
-3.0731e-13
1.30729e-13
-1.23457e-13
-3.28626e-14
-3.94351e-13
-5.57332e-14
-1.7053e-13
3.34843e-13
1.97176e-13
-4.9738e-14
2.95763e-13
3.79918e-13
4.12115e-13
-1.82965e-13
-1.5099e-14
3.193e-13
-1.46105e-13
-1.11244e-13
-7.54952e-14
4.08562e-14
-1.1191e-13
3.23741e-13
-2.4647e-13
-4.64073e-14
-1.54321e-14
-1.04805e-13
2.30926e-14
-4.79616e-13
-1.31251e-12
-2.77112e-13
-1.54543e-13
6.60805e-13
-1.75415e-13
6.81455e-13
2.51354e-13
2.52021e-13
2.89491e-13
7.90479e-14
-2.56684e-13
-2.01617e-13
3.0409e-13
-5.90417e-13
-3.62599e-13
-5.54223e-13
7.10543e-14
4.76508e-13
-4.83502e-13
-1.33782e-13
-2.04725e-13
-1.05516e-12
-5.86309e-13
-5.86808e-13
2.87104e-13
-5.35127e-14
-2.49689e-13
3.10529e-13
5.06262e-13
-7.58948e-13
2.13163e-13
-7.90479e-14
1.08358e-13
-1.56763e-13
1.49036e-12
2.86438e-13
1.72307e-13
3.12639e-13
6.03961e-14
5.27578e-13
1.06803e-13
5.91083e-13
1.85629e-13
-1.75016e-12
-2.66898e-13
6.25278e-13
-1.88294e-13
7.9492e-14
-7.23643e-13
5.4623e-13
2.17604e-14
-4.82947e-15
7.28306e-14
2.46914e-13
1.66978e-13
4.20108e-13
2.67342e-13
-1.33671e-13
-4.71456e-13
-2.19824e-13
-8.91731e-13
1.86517e-13
-1.0969e-13
2.23821e-13
-6.83897e-13
-6.35048e-14
1.51879e-13
-3.96128e-13
1.64757e-13
6.61693e-14
1.99729e-13
3.37952e-13
7.74492e-13
-3.39728e-14
7.31637e-14
-2.08722e-13
-7.73603e-13
-4.77396e-14
8.19789e-13
2.54685e-13
6.57252e-14
-1.07248e-13
-3.55271e-14
6.14619e-13
2.16271e-13
-6.54587e-13
-2.44249e-14
1.45661e-13
-4.88498e-14
-2.17604e-13
-3.53939e-13
1.8785e-13
-2.71783e-13
4.47642e-13
-2.96208e-13
-3.32179e-13
-3.49942e-13
-2.1938e-13
-1.00364e-13
2.59348e-13
2.70006e-13
-1.06759e-12
-3.81917e-14
-1.06581e-13
-6.75682e-13
7.63833e-14
-2.6823e-13
7.59393e-14
1.84297e-13
-4.55302e-13
-1.5099e-14
8.80296e-13
-1.07958e-12
3.9968e-15
-3.54383e-13
2.02283e-13
2.66898e-13
-2.74003e-13
-1.50768e-13
-2.14495e-13
1.84741e-13
-9.10383e-14
5.10703e-14
-3.12639e-13
-6.03961e-14
-7.63833e-14
6.75016e-14
2.58904e-13
-1.95399e-14
4.91163e-13
1.45661e-13
-1.5099e-14
-1.36946e-13
2.22045e-13
2.9976e-13
-1.66867e-13
4.70735e-14
-4.20997e-13
-1.68754e-14
6.04183e-13
1.98591e-13
2.46914e-13
1.73639e-13
2.73115e-13
-2.71005e-13
-3.9968e-14
3.26184e-13
4.23661e-13
-9.66338e-13
-2.20157e-13
2.68674e-13
2.35367e-13
1.25455e-13
5.19584e-14
-2.51354e-13
-1.19293e-13
-5.24025e-13
-3.01092e-13
-7.88702e-13
-3.11751e-13
-2.39808e-13
2.13163e-14
-1.42109e-13
-1.82077e-13
4.20108e-13
-6.51479e-13
1.21325e-12
2.44915e-13
4.8539e-13
-1.03029e-13
-3.32179e-13
-4.88942e-13
1.89182e-13
4.88498e-14
-9.68114e-14
1.06581e-14
-3.18856e-13
2.62013e-13
3.73035e-14
3.88356e-13
-1.53655e-13
-5.79092e-13
-3.37508e-14
-1.23457e-13
-1.50546e-13
7.99361e-15
2.39808e-14
-3.06422e-14
-5.8642e-13
-3.27738e-13
8.88178e-15
-2.85993e-13
7.99361e-14
6.46594e-13
4.10338e-13
1.88738e-13
-4.2677e-13
8.1668e-13
-1.47105e-12
-2.69451e-13
-8.61533e-14
1.01341e-12
-2.66454e-14
-2.22045e-14
4.54192e-13
-1.13687e-13
-3.6593e-13
1.92291e-13
-4.95826e-13
-4.44089e-14
-4.69846e-13
-2.81553e-13
-2.72005e-13
-1.16684e-13
-7.50511e-14
-1.46327e-13
3.90799e-13
5.22249e-13
-8.65974e-14
5.34017e-14
-1.08358e-13
-1.01252e-13
-3.55271e-13
-1.47438e-12
-3.89466e-13
-3.10862e-14
4.25882e-13
8.9706e-14
2.39808e-14
1.16351e-13
9.35252e-13
1.35891e-13
-7.15428e-13
6.39488e-14
-8.17124e-14
2.81775e-13
-2.19963e-13
-8.61533e-14
-1.23901e-13
3.00204e-13
-8.29559e-13
-2.6823e-13
-5.61329e-13
3.73035e-14
2.81997e-14
1.04472e-12
3.73035e-14
5.41789e-14
1.19016e-13
-1.34648e-12
3.97904e-13
4.18776e-13
7.94032e-13
2.3137e-13
-2.9754e-13
-1.34559e-13
-7.01661e-14
-1.82077e-14
3.09308e-13
1.69753e-13
-3.37508e-13
5.77316e-14
2.60236e-13
-2.95763e-13
-1.37668e-14
-3.49054e-13
3.062e-13
2.69895e-13
-3.01981e-13
-5.10703e-14
-2.91323e-13
-1.2168e-13
-5.32907e-14
1.55209e-13
-6.07514e-13
3.55271e-15
6.68798e-13
4.67071e-13
-4.21885e-14
5.06262e-14
-7.37188e-13
8.0469e-13
3.19744e-14
-1.64591e-13
3.31291e-13
-4.15223e-13
-3.05533e-13
-7.72715e-14
-1.0747e-13
-4.56524e-13
-2.72005e-13
-1.31672e-13
1.84741e-13
3.71259e-13
5.52891e-14
-2.93099e-14
2.80664e-13
-2.41585e-13
1.63425e-13
-2.13163e-14
4.40314e-13
2.08722e-14
-6.92779e-14
3.64153e-14
2.39808e-14
2.26485e-13
-6.39488e-13
4.75175e-14
4.68292e-13
-9.85878e-14
5.59552e-14
1.13687e-13
1.67644e-13
4.22773e-13
4.79616e-13
-3.3662e-13
4.10338e-13
4.04121e-14
2.82496e-13
-3.02203e-13
1.24345e-14
-2.78888e-13
2.53131e-14
6.76792e-13
3.9635e-14
-4.06786e-13
-2.75335e-13
2.5846e-13
-2.39808e-13
4.39648e-14
-6.99441e-14
3.76588e-13
-2.2915e-13
-3.76144e-13
-1.1191e-13
-4.21885e-13
-2.41585e-13
3.86802e-13
-2.92211e-13
4.88498e-13
1.19904e-13
-6.03961e-14
6.86562e-13
-6.30607e-14
-1.42109e-14
1.00142e-13
-3.9968e-15
-2.14051e-13
2.82441e-13
-1.59872e-14
-2.80664e-13
1.52323e-13
-5.34683e-13
-2.30926e-13
-3.32179e-13
-3.10862e-14
8.70415e-13
-4.83169e-13
-2.57039e-12
2.4869e-14
-2.99316e-13
6.52811e-14
-8.76632e-13
2.43361e-13
-5.33795e-13
-1.49214e-13
1.59162e-12
1.54543e-13
-5.32907e-14
5.15143e-13
5.86198e-14
-8.88178e-15
-9.85878e-14
-1.10134e-12
-9.28146e-14
-2.64677e-13
3.68594e-13
-2.91989e-14
-5.08038e-13
-8.4821e-13
2.01617e-13
1.86962e-13
-4.32987e-14
-6.03961e-14
4.26326e-14
1.53211e-13
1.68754e-13
-2.13385e-13
2.4869e-13
-3.4639e-14
-1.33227e-14
-8.91731e-13
-8.2867e-13
5.32907e-13
-2.54907e-13
9.63674e-14
-1.58984e-13
-2.93099e-14
-2.06946e-13
1.10134e-13
1.19682e-13
-1.50102e-13
-2.57572e-13
5.4623e-13
-2.94875e-13
-6.34159e-13
7.37188e-14
-9.39693e-13
-8.45546e-13
-3.73035e-14
1.1191e-13
-1.33227e-15
-7.03881e-14
6.75016e-14
1.24345e-13
-1.06581e-14
-1.59872e-13
4.24549e-13
-4.57634e-13
-1.03029e-13
1.13687e-13
5.77316e-14
2.32703e-13
-1.58096e-13
-8.34888e-14
-1.65201e-13
2.04281e-13
6.43929e-14
-2.27818e-13
2.46914e-13
-1.74472e-13
1.32339e-13
5.60885e-13
9.92428e-13
5.20473e-13
9.37361e-13
-3.15303e-13
6.06182e-14
8.21565e-14
-8.32667e-15
8.39773e-13
-5.31131e-13
-9.76996e-15
-4.84945e-13
-9.59233e-14
-4.00346e-13
-4.92939e-14
4.79061e-13
1.15152e-12
-3.42393e-13
-1.81632e-13
-2.45137e-13
4.84945e-13
2.76223e-13
-1.09246e-13
-5.4623e-14
2.06613e-13
-4.28324e-13
-6.52811e-13
-1.34737e-12
-2.07612e-13
8.7097e-14
-4.66294e-14
-1.91847e-13
-2.49911e-13
-1.55431e-14
8.80407e-14
5.37348e-14
-3.46001e-13
-7.62654e-14
-1.06914e-13
6.30607e-14
3.05977e-13
3.58824e-13
5.32907e-15
-4.61853e-13
5.95968e-13
3.08642e-13
2.07168e-13
1.03473e-13
1.34115e-12
9.37028e-14
1.62093e-13
1.04583e-13
-2.13163e-13
-3.00648e-13
-3.77476e-14
3.98792e-13
-6.91003e-13
-1.27898e-13
6.12843e-13
-3.75255e-13
1.37446e-13
5.3535e-13
3.24185e-13
4.01457e-13
2.32703e-13
1.09246e-13
-3.15858e-14
-2.80664e-13
3.24185e-13
2.06613e-13
-6.21725e-15
1.79412e-13
-5.79092e-13
2.07834e-13
-1.98286e-13
-4.00124e-13
-1.22569e-13
-1.02141e-13
-6.14619e-13
-2.81553e-13
-7.01661e-14
2.66454e-15
1.47882e-13
9.17044e-14
-2.13163e-14
7.01661e-14
5.41789e-14
-1.94289e-13
2.21601e-13
4.46754e-13
2.99316e-13
-5.29798e-13
-1.45439e-13
1.42109e-14
-1.81188e-13
1.91402e-13
-7.90479e-14
4.97824e-13
1.17684e-13
2.24265e-13
2.48246e-13
-8.52651e-14
2.24043e-13
-1.10911e-13
-5.63993e-13
-1.02141e-13
-6.19782e-13
-8.86402e-13
-4.4964e-13
-9.23706e-14
-1.01963e-12
9.90319e-14
-3.33955e-13
-1.62315e-13
1.10534e-12
-2.08278e-13
-2.7045e-13
5.47118e-13
7.66942e-13
1.62093e-13
-1.32339e-13
1.5099e-14
-1.51879e-13
-1.77636e-13
1.0143e-12
7.99361e-15
1.59872e-13
3.24185e-14
-7.4607e-14
9.9476e-14
1.13287e-12
3.73035e-14
-4.6585e-13
6.01741e-14
1.76303e-13
6.31495e-13
1.2168e-12
-3.96239e-13
1.98064e-13
-5.08482e-14
-9.32587e-15
2.82441e-13
2.25597e-13
-1.52101e-13
-2.66454e-13
1.0858e-13
-5.65492e-13
-1.02141e-13
-4.75175e-13
3.1819e-13
2.33369e-13
-1.1724e-13
1.42109e-14
1.59872e-13
3.77476e-13
-6.54587e-13
4.72733e-13
-4.42757e-13
-3.25961e-13
-1.86517e-13
4.0834e-13
3.19744e-14
-2.2915e-13
-1.06581e-13
5.08482e-14
3.57048e-13
-1.5099e-14
4.32099e-13
3.7681e-13
-2.84217e-13
-3.9746e-14
3.36953e-14
3.4861e-13
1.77636e-14
-1.19904e-13
-9.21041e-13
1.68754e-13
-8.89955e-13
2.73559e-13
8.88178e-14
-2.00506e-13
-2.66009e-13
-9.05942e-14
3.40172e-13
2.14051e-13
-9.76996e-14
-9.4591e-14
-3.73923e-13
3.2796e-13
-9.68114e-14
-8.88178e-14
-3.81917e-13
-3.78364e-13
-1.9984e-13
1.75859e-13
-2.69118e-13
-3.53939e-13
-1.57652e-13
-1.71196e-13
-2.66009e-13
2.85549e-13
1.43441e-13
4.96048e-13
-4.63629e-13
7.10543e-15
1.33227e-14
5.83533e-13
1.92291e-13
-3.01981e-13
-1.00364e-13
3.48166e-13
3.29514e-13
-1.6831e-13
-3.52829e-13
1.62537e-13
-4.84057e-14
-2.26485e-14
5.47562e-13
1.24123e-13
-3.04645e-13
3.05533e-13
-3.9968e-14
2.54685e-13
1.77636e-14
1.44773e-13
6.39488e-13
1.42109e-13
8.79297e-14
-1.44551e-13
-1.5099e-14
-4.70735e-13
-4.7129e-14
-2.46914e-13
-1.14353e-13
1.62426e-13
2.22045e-14
-7.37188e-13
3.17524e-14
3.28626e-14
-1.65645e-13
8.34888e-14
3.03091e-13
-2.30038e-13
-5.32907e-15
-2.56684e-13
-2.32703e-13
2.14939e-13
-2.83329e-13
-3.92575e-13
-4.75175e-14
-1.42997e-13
1.22569e-13
-2.82441e-13
-4.75175e-14
-6.43929e-15
-4.69846e-13
-1.26565e-13
-6.03961e-14
-3.46834e-13
-1.15685e-13
-2.3892e-13
1.59428e-13
1.10312e-12
3.16636e-13
-1.62537e-13
1.39444e-13
3.19744e-14
8.02913e-13
-7.42517e-13
2.59348e-13
-3.0842e-13
3.88023e-14
-2.82441e-13
9.37028e-14
-7.08766e-13
3.9968e-15
5.77316e-13
3.0731e-13
-1.56319e-13
4.40536e-13
3.19744e-14
-2.32703e-13
1.27898e-13
2.42473e-13
-5.15143e-13
-1.27898e-13
-8.10463e-14
5.57776e-13
-2.89546e-13
6.21725e-13
-2.81553e-13
6.51035e-13
2.27374e-13
3.49942e-13
-5.9508e-14
7.34079e-13
-3.47278e-13
3.13527e-13
1.26121e-13
-1.40332e-13
3.35731e-13
2.22045e-13
5.01821e-14
9.76996e-15
2.4869e-14
7.19425e-14
3.90799e-14
1.29674e-13
-1.4877e-13
-3.17746e-13
-3.55271e-14
-3.39284e-13
3.73035e-13
-3.16192e-13
-1.15463e-14
-3.47278e-13
-1.9984e-15
1.60538e-13
-2.49578e-13
5.41789e-14
-2.69562e-13
-4.84057e-14
2.64677e-13
-2.13163e-14
1.85629e-13
-5.02709e-13
-1.09246e-13
-3.73035e-13
5.40012e-13
-1.11688e-13
-2.28262e-13
-1.51879e-13
3.37175e-13
2.32703e-13
2.14939e-13
-3.64153e-14
4.56524e-13
1.08358e-13
-9.27702e-13
-5.7776e-13
4.22773e-13
-9.59233e-14
-5.32907e-15
-2.51354e-13
4.44089e-14
-1.58096e-13
-4.98712e-13
5.52447e-13
-3.14193e-14
2.75335e-14
7.68274e-14
9.88098e-14
1.25233e-13
-9.42024e-13
6.21725e-15
-1.36779e-13
1.88738e-14
5.58664e-13
-5.38236e-13
9.23706e-14
-1.21148e-12
6.03961e-14
-1.54765e-13
-3.4639e-14
-1.76748e-13
3.25961e-13
-4.39204e-13
2.4869e-14
2.86438e-13
-3.76685e-13
-2.93099e-13
3.1819e-13
3.26406e-13
3.59268e-13
9.4591e-14
1.98064e-13
8.02913e-13
2.86438e-13
-2.64677e-13
3.71259e-13
4.28102e-13
2.23821e-13
8.39329e-13
2.7478e-14
-1.54987e-13
2.69562e-13
1.1835e-13
-1.24345e-14
1.06581e-14
3.4639e-13
-2.81553e-13
6.60361e-13
6.27054e-13
3.28626e-14
8.0469e-13
-1.95399e-14
-2.7417e-13
-1.10134e-13
-3.91687e-13
6.92779e-14
-1.57652e-14
5.15143e-13
-2.3137e-13
1.59872e-13
-1.52234e-12
2.80442e-13
-2.25819e-13
1.21236e-13
3.55271e-15
2.49023e-13
-1.01696e-13
-1.19016e-13
-2.16716e-13
2.78888e-13
-4.08562e-14
1.18461e-13
-3.84137e-14
-3.58824e-13
1.98952e-13
2.93765e-13
-1.1251e-12
-2.44249e-13
6.95e-13
2.54019e-13
-9.19931e-13
-4.13003e-14
2.40696e-13
7.41629e-14
-2.62013e-13
4.47642e-13
-1.63425e-13
-4.88498e-13
-6.67744e-13
-1.49214e-13
-1.34559e-13
1.30562e-13
-6.87006e-13
-1.24345e-14
-8.58424e-13
-7.54952e-13
-2.05835e-13
-9.41469e-14
3.01981e-14
2.84217e-14
3.19744e-14
-2.95319e-13
3.17968e-13
1.05027e-13
1.49214e-13
-7.54952e-14
3.73035e-13
2.20268e-13
6.21725e-15
-2.0961e-13
-4.80505e-13
8.98837e-13
-2.18492e-13
3.33067e-15
-6.26166e-14
-3.57936e-13
-9.37916e-13
2.61124e-13
-1.41664e-13
-4.44089e-14
-2.35367e-14
-8.47322e-13
1.98286e-13
-3.33955e-13
-1.28786e-14
-6.26166e-14
-1.18128e-13
4.30767e-14
-6.75016e-14
1.5099e-13
3.4639e-13
2.70006e-13
6.93667e-13
-9.4591e-14
6.20393e-13
4.84945e-13
1.9984e-14
4.51195e-13
5.98632e-13
-1.74083e-13
-3.24629e-13
1.42997e-13
-8.48654e-13
2.98428e-13
-3.19744e-13
1.1191e-13
2.62901e-13
4.13891e-13
-7.2653e-13
1.14575e-13
-3.42837e-13
-4.83169e-13
-2.2693e-13
7.10543e-14
-1.78524e-13
-2.78888e-13
-1.47438e-13
-9.90319e-14
9.9476e-14
1.58806e-12
-1.05693e-13
-3.51719e-13
-7.38964e-13
4.24549e-13
-9.23706e-14
-2.77334e-13
-1.61871e-13
2.61569e-13
1.18128e-13
-3.53495e-13
-1.24345e-13
1.42109e-14
3.95017e-13
-5.01821e-14
1.40155e-12
1.63425e-13
4.03233e-13
-7.77156e-13
1.61648e-13
-3.57936e-13
-4.27658e-13
-2.82441e-13
3.9968e-14
5.15143e-14
2.8777e-13
-2.55795e-13
-2.49578e-13
4.81393e-13
-1.86517e-13
3.28626e-13
-9.72555e-14
-2.28262e-13
1.82077e-14
-4.20997e-13
-2.62013e-14
-1.90514e-13
-2.18492e-13
-8.90399e-14
3.51719e-13
8.9484e-14
-3.4639e-14
-5.45786e-13
-2.53131e-14
-1.84741e-13
1.23457e-13
2.04281e-13
6.45373e-13
4.78284e-13
-4.32987e-14
1.66089e-13
6.94111e-13
4.52083e-13
7.78932e-13
-1.67866e-13
-3.73035e-14
-2.98428e-13
2.38476e-13
-3.34177e-14
4.4853e-13
-2.14939e-13
1.22569e-13
4.79616e-13
4.05009e-13
-3.29514e-13
1.36779e-13
-9.59233e-14
3.19744e-14
7.57505e-13
2.6168e-13
4.58078e-13
-2.53131e-14
1.45217e-13
4.13891e-13
2.54907e-13
-4.85834e-13
-1.52323e-13
1.87406e-13
6.57252e-14
4.8761e-13
-2.71783e-13
-1.56319e-13
-4.88498e-13
7.18536e-13
7.08322e-13
-7.99361e-14
-2.22045e-14
-2.16716e-13
-3.34399e-13
9.76996e-13
8.15348e-13
-2.28262e-13
-1.01252e-13
-8.48766e-14
9.34808e-14
-9.41469e-14
-1.13687e-13
-4.06786e-13
-1.29674e-13
4.35207e-14
-3.01981e-14
5.96856e-13
-2.68674e-14
-2.53131e-13
-1.97176e-13
-1.57208e-13
4.38538e-14
1.68754e-14
3.29514e-13
7.10543e-13
-1.42109e-14
-3.85469e-13
-1.53655e-13
-1.84297e-13
2.1938e-13
2.10498e-13
3.55271e-15
-3.02203e-13
4.01901e-14
-2.67564e-13
-1.08358e-13
-2.57572e-13
1.77636e-15
1.03473e-13
-6.92779e-14
-1.34115e-13
1.58984e-13
3.10196e-13
5.11091e-13
4.95159e-13
2.23377e-13
-4.03705e-13
-2.32259e-13
-2.8022e-13
-3.24185e-14
1.30118e-13
2.11609e-13
4.83835e-13
3.35731e-13
-8.9706e-14
-8.2101e-13
7.15095e-13
-5.63993e-14
2.11497e-14
2.4869e-13
-1.36557e-14
-2.13163e-14
-1.00364e-13
-2.13163e-13
-1.74971e-13
1.38556e-13
-2.37588e-13
6.08402e-14
-5.01821e-13
-1.32339e-13
7.54952e-15
1.83853e-13
-2.11386e-13
5.63993e-13
-3.19744e-14
-4.11227e-13
-3.4639e-13
1.19016e-13
-1.59872e-13
-2.83329e-13
1.74971e-13
1.74083e-13
-4.79616e-14
-1.23679e-13
-4.20552e-13
2.76668e-13
7.10543e-14
-3.89022e-13
-1.04095e-12
-1.27898e-13
-1.27898e-13
-2.12275e-13
-5.32907e-15
-1.77636e-14
-2.13163e-14
2.2915e-13
1.04805e-13
2.9976e-14
-2.05835e-13
2.42473e-13
-2.52576e-13
-1.23457e-13
1.1191e-13
2.73559e-13
2.46914e-13
8.41549e-14
5.6577e-13
2.25597e-13
-1.24345e-14
-3.91687e-13
-6.18172e-13
3.73035e-14
-6.88338e-14
1.53655e-13
-2.46025e-13
-3.33955e-13
3.42837e-13
4.92939e-14
7.90479e-14
2.32703e-13
2.52465e-13
-1.93623e-13
-7.06102e-14
-2.07834e-13
5.77316e-14
8.4821e-14
-1.3145e-13
1.7053e-13
1.03473e-13
-2.98206e-13
-1.90958e-13
1.43885e-13
-5.39124e-13
2.54241e-13
3.0953e-13
1.59872e-14
1.15019e-13
-4.78728e-13
2.33147e-13
5.60441e-13
3.30402e-13
-3.53051e-14
8.17124e-14
1.82077e-13
5.86198e-13
1.4444e-13
5.32907e-15
8.0469e-13
-1.38556e-13
2.3892e-13
1.98064e-13
1.54543e-13
-6.25278e-13
-2.92211e-13
4.79616e-13
-2.51354e-13
9.14824e-14
-2.83329e-13
1.60538e-13
-1.00364e-13
4.17444e-14
1.15463e-13
1.71529e-13
5.56888e-13
1.53211e-14
3.18412e-13
2.12275e-13
-1.4877e-13
-2.45137e-13
5.45342e-13
9.56568e-13
-2.62457e-13
-1.48326e-13
-7.42517e-13
-1.09868e-12
-2.64677e-13
-4.51195e-13
6.89226e-13
2.86438e-14
-4.79616e-14
4.996e-14
8.79297e-14
-3.90799e-13
-1.56319e-13
-3.48166e-13
-1.11022e-13
-5.15143e-14
1.54543e-13
-7.10543e-14
-5.91527e-13
4.08118e-13
-2.71783e-13
5.97744e-13
-6.80345e-13
-3.69926e-13
1.86517e-14
8.2867e-13
1.98952e-13
3.53495e-13
-5.32907e-13
-5.77316e-13
7.73603e-13
2.93321e-13
-2.88658e-13
1.14264e-12
6.78568e-13
-5.06262e-13
-1.86517e-14
4.23217e-13
1.71863e-13
-9.31477e-14
-1.68976e-13
-7.54952e-15
6.92779e-14
3.31735e-13
2.367e-13
-2.75779e-13
8.02469e-13
-2.05169e-13
-1.34337e-13
-1.2701e-13
2.67342e-13
-1.77636e-14
5.14699e-13
-3.30402e-13
-1.4122e-13
-5.24025e-14
-2.4869e-13
5.4623e-14
1.98952e-13
-1.0747e-13
3.01092e-13
3.90799e-13
3.99236e-13
-5.08038e-13
-4.71623e-13
-8.70415e-14
-3.73035e-13
-1.38556e-13
5.53335e-13
-4.21885e-14
-1.00808e-13
-2.57572e-13
2.27207e-13
-3.92575e-13
-6.03961e-14
-5.50671e-14
-1.52767e-13
5.50671e-14
6.30607e-13
-5.03597e-13
-3.41061e-13
4.9738e-13
-6.43929e-14
-2.06057e-13
-1.62526e-12
-2.72671e-13
7.14095e-13
2.24543e-13
1.89182e-13
1.68532e-13
6.42819e-14
9.54792e-15
-2.23099e-13
7.10543e-13
-3.28626e-13
-2.74891e-13
-3.71925e-13
-5.04485e-13
-1.05915e-13
-7.66054e-14
1.15374e-12
0
-4.7784e-13
1.61648e-13
-1.04272e-12
2.5091e-14
5.04929e-13
2.84217e-13
-5.64881e-13
5.3646e-13
-1.91847e-13
1.38556e-13
1.00187e-12
1.15463e-14
-4.88498e-14
5.70211e-13
1.9087e-12
1.55431e-13
-1.01785e-12
-8.70415e-14
7.90479e-14
5.91527e-13
-1.04583e-13
-1.45661e-13
2.42029e-13
6.9722e-14
-3.74367e-13
4.62741e-13
-8.52651e-14
-1.9007e-13
4.39648e-13
-1.33227e-13
1.00098e-12
-5.32907e-15
1.45661e-13
4.35207e-13
-5.33351e-13
2.41585e-13
3.03313e-13
-3.73035e-14
1.64313e-13
8.88178e-15
-7.10543e-14
6.03961e-13
2.89546e-13
2.66454e-14
-1.803e-13
-3.08198e-13
2.55795e-13
2.46025e-13
1.15463e-14
-7.64722e-13
-4.32543e-13
1.32339e-13
3.12639e-13
-7.63833e-14
1.9007e-13
-1.4444e-13
-2.66454e-14
4.26326e-14
-2.79776e-13
-9.05942e-14
-3.55271e-13
-4.70735e-14
3.01981e-14
1.33227e-13
7.53175e-13
-2.51354e-13
-5.59552e-14
-2.58626e-13
1.08358e-13
-8.52651e-14
-2.56684e-13
-1.33449e-13
5.72875e-14
6.80345e-13
-4.8761e-13
1.00364e-13
-5.32907e-15
5.59552e-14
3.98792e-13
-9.60565e-13
5.02265e-13
-6.12843e-14
-2.10443e-13
-9.23706e-14
6.39488e-14
6.08402e-14
2.26263e-13
-3.05533e-13
1.15907e-13
-2.14495e-13
-3.06422e-13
1.91847e-13
-1.44773e-13
-3.23297e-13
1.35003e-13
1.57208e-13
-1.5099e-13
-3.62377e-13
3.63265e-13
-9.23706e-14
-3.01092e-13
4.08562e-14
-3.19744e-14
-1.43885e-13
3.41727e-13
-4.76064e-13
-1.06581e-13
-1.74083e-13
-5.57332e-14
-3.55271e-15
1.7053e-13
6.21725e-13
-1.77636e-14
-2.9976e-14
-1.6076e-13
-7.5806e-13
1.87761e-12
-2.69229e-14
-7.08766e-13
5.53335e-13
-1.16795e-13
1.56763e-13
-2.04947e-13
2.22045e-13
-2.82885e-13
2.46025e-13
-1.86517e-13
1.13243e-12
5.93303e-13
-2.06057e-13
2.86438e-13
1.11022e-13
4.05009e-13
1.88738e-13
-1.86962e-13
7.37188e-14
-2.62013e-14
-1.35447e-14
-2.65121e-13
-4.04565e-13
1.95399e-14
2.24043e-13
2.50688e-13
-2.60236e-13
8.12683e-14
-3.90799e-13
-5.81313e-13
-5.70211e-13
-4.57412e-14
1.63869e-13
-4.65405e-13
1.94955e-13
-2.37144e-13
6.5814e-13
4.37428e-13
1.34004e-13
1.05982e-12
5.92859e-14
-7.17204e-14
2.22045e-14
-3.92131e-13
-2.31204e-13
-2.24709e-13
9.50351e-14
2.66454e-14
-5.02709e-13
3.57048e-13
1.63203e-13
-1.07914e-13
-7.30527e-14
-3.96128e-13
7.01661e-13
-1.73195e-13
8.49987e-13
1.43885e-13
-2.05613e-13
3.70814e-13
2.55795e-13
-2.52243e-13
-7.21645e-15
1.17129e-14
1.79412e-13
-1.00142e-13
-2.22045e-14
3.9968e-14
2.22933e-13
7.58504e-13
5.50671e-14
8.73968e-13
-1.28786e-13
-8.65086e-13
-1.36335e-13
1.92735e-13
3.75699e-13
-4.79616e-14
6.36824e-13
1.04361e-14
3.88134e-13
5.27578e-13
6.14619e-13
6.37712e-13
-3.8014e-13
4.33431e-13
-1.2701e-13
-5.68434e-14
3.81473e-13
-2.91989e-14
-3.81917e-14
1.7053e-13
3.01981e-14
4.15668e-13
-1.59872e-14
-1.26565e-13
-4.38871e-13
-6.49703e-13
-1.04805e-13
-3.57492e-14
-3.44613e-13
3.81029e-13
7.99361e-15
9.76996e-15
-1.51434e-13
1.75859e-13
-1.1724e-13
1.20792e-13
4.08562e-13
2.20268e-13
-1.24345e-14
-8.19123e-13
-1.05693e-13
-6.75016e-14
7.50511e-14
3.37508e-14
-3.47278e-13
9.9476e-14
-1.45661e-13
1.61204e-13
-5.66214e-15
-1.1946e-13
-1.28786e-13
-2.2915e-13
-1.64313e-13
-5.67102e-13
-2.30038e-13
4.44089e-14
-2.24265e-13
2.57572e-13
-2.27596e-13
-1.08358e-13
3.83693e-13
-9.44134e-13
-7.01661e-14
-2.02505e-13
6.88338e-13
8.30447e-14
2.06946e-13
9.41469e-14
-4.09672e-14
-3.08031e-13
3.54383e-13
4.16556e-13
-1.249e-13
-9.99201e-14
-1.09246e-13
-3.10862e-13
2.64566e-13
1.89182e-13
-3.33067e-13
-1.88294e-13
2.57572e-13
2.54019e-13
-1.31006e-13
1.93623e-13
1.78968e-13
1.06581e-14
-7.60281e-13
-1.73195e-13
-8.70415e-14
3.57492e-14
-1.77636e-14
2.28262e-13
-1.59872e-13
-4.32987e-13
2.71283e-13
-3.4639e-13
0
-2.98872e-13
7.9492e-14
1.23013e-13
-6.96332e-13
-5.77316e-13
-2.97984e-13
1.77636e-14
3.14859e-13
4.53859e-13
-2.75779e-13
-1.98008e-13
-3.40172e-13
5.06262e-13
-2.30815e-13
-7.41629e-14
1.72307e-13
6.66134e-14
-3.73923e-13
2.57572e-14
-5.9508e-14
8.17124e-14
1.27898e-13
-1.0153e-13
3.83471e-13
-5.73985e-13
-4.75175e-13
-2.58016e-13
-4.03677e-13
1.71474e-13
1.803e-13
4.01901e-13
2.34479e-13
2.32925e-13
2.69118e-13
6.25722e-13
-5.68434e-14
-2.14717e-13
1.20015e-13
2.89546e-13
2.10498e-13
-5.39707e-13
2.22045e-15
9.20597e-13
2.48468e-13
1.1946e-13
-9.9476e-14
3.15303e-14
2.8777e-13
0
-7.90479e-14
-3.57048e-13
-3.17968e-13
3.73035e-13
2.73559e-13
5.58664e-13
-1.01252e-13
2.42473e-13
-3.08198e-13
1.15463e-13
-1.42553e-13
-2.84217e-14
-8.17124e-14
-5.40012e-13
-2.38032e-13
-8.30447e-13
2.04281e-13
-2.79776e-13
1.83409e-13
3.08198e-13
9.58345e-13
4.52971e-14
2.8777e-13
-2.28262e-13
1.46105e-13
-1.37224e-13
-4.60965e-13
-6.79012e-13
9.90319e-14
1.47438e-13
-5.79981e-13
-1.08358e-13
-1.9762e-13
-3.44613e-13
5.56888e-13
6.88338e-14
1.67921e-13
6.34159e-13
1.46549e-13
1.83853e-13
3.67706e-13
-4.90274e-13
4.00568e-13
-3.1708e-13
-2.15383e-13
-6.7768e-13
2.93099e-14
-3.69482e-13
5.32907e-15
-9.41469e-14
6.03961e-14
-2.23821e-13
-7.54952e-15
1.59872e-13
-1.03029e-13
5.66658e-13
-1.14575e-13
2.41585e-13
5.72431e-13
-1.2057e-13
-1.1352e-14
-2.47802e-13
-4.17444e-13
2.30038e-13
-4.60465e-13
-7.14984e-13
-7.19425e-14
-2.56684e-13
-7.90479e-13
1.72307e-13
7.99361e-14
-3.51719e-13
4.71401e-13
5.91527e-13
-1.88294e-13
2.15827e-13
1.91291e-13
-2.66009e-13
-3.01981e-14
1.56319e-13
2.56239e-13
-1.21014e-13
-2.19158e-13
1.6076e-13
-1.03473e-13
9.85878e-14
4.88498e-13
2.96208e-13
-8.92619e-14
2.8777e-13
-1.6076e-13
-1.74305e-13
5.06262e-14
-3.4861e-14
4.70735e-14
5.7665e-13
1.92735e-13
-7.28306e-14
-1.45883e-13
1.61648e-13
-8.88178e-15
1.65645e-13
6.75016e-14
-3.53495e-13
-4.75175e-14
-1.63425e-13
4.88498e-14
-3.23297e-13
3.4639e-13
4.4631e-13
-1.77636e-15
1.9984e-14
-1.29674e-13
-5.06262e-13
-5.68434e-14
2.9754e-14
-5.38958e-13
1.54987e-13
2.66454e-13
-2.78e-13
3.19744e-14
4.61853e-14
4.26326e-14
-4.05009e-13
-2.62013e-14
1.61871e-13
2.82663e-13
-8.27782e-13
-6.75016e-14
6.59028e-13
-5.28466e-13
1.2057e-12
-1.23679e-13
2.02505e-13
1.20792e-13
-7.63833e-14
7.97584e-13
-2.80775e-13
3.9968e-14
-1.53655e-13
-2.28262e-13
3.41949e-14
-1.04805e-13
5.64881e-13
-1.75859e-13
1.29674e-13
-1.31894e-13
-5.64881e-13
-5.973e-13
7.10543e-14
4.35207e-13
4.40092e-13
-1.25233e-13
-2.49134e-13
-2.4869e-13
-8.26006e-14
-1.58984e-13
1.82632e-13
-5.7554e-13
9.9476e-14
9.41469e-14
1.70086e-13
2.72671e-13
1.54321e-14
-5.6577e-13
9.59233e-14
-3.81917e-14
-4.78922e-13
-5.68434e-14
5.64881e-13
-5.50671e-14
6.36824e-13
2.02949e-13
2.91323e-13
7.25642e-13
-5.85754e-13
-2.9754e-14
6.4948e-14
-1.42802e-13
1.63647e-13
9.9698e-14
2.96652e-13
3.4639e-13
4.30767e-14
1.89182e-13
-3.45279e-14
1.33227e-14
-3.92575e-13
2.14939e-13
-4.52083e-13
3.0731e-13
-9.53904e-13
-2.65565e-13
-1.42109e-13
3.4639e-14
-2.09499e-13
-3.97904e-13
6.14175e-13
-1.65867e-13
-8.17124e-14
-1.54321e-14
8.09575e-13
-4.73399e-13
2.05169e-13
-5.23359e-13
-2.53131e-13
-5.55112e-15
-8.21565e-14
-1.9984e-14
2.0961e-13
1.89848e-13
-2.69118e-13
-2.63789e-13
-2.97096e-13
-1.64035e-14
1.41553e-13
-2.24043e-13
-2.66454e-14
-1.56763e-13
-7.17704e-13
-4.88498e-15
1.15463e-13
1.38556e-13
1.47216e-13
9.65894e-14
-1.66533e-14
-9.95648e-13
-2.05613e-13
-3.16636e-13
5.68434e-14
-1.06581e-14
-1.90958e-14
4.52971e-14
-7.4496e-13
-4.56524e-13
1.84741e-13
4.06342e-14
3.21965e-13
-1.08358e-13
-1.93623e-13
3.37508e-14
2.9976e-13
2.34035e-13
4.61853e-13
1.26121e-13
2.59792e-13
-2.04725e-13
1.23013e-13
1.52767e-13
-3.19744e-14
-1.73195e-13
4.35207e-13
-1.48326e-13
3.63265e-13
8.11684e-13
2.32037e-13
-5.32907e-15
4.39648e-13
-9.9476e-14
-4.43201e-13
-1.71863e-13
5.32907e-14
8.61533e-14
2.4758e-13
2.4869e-14
4.67182e-13
-1.57208e-13
3.04756e-14
6.21725e-14
2.13163e-13
2.57572e-14
3.45501e-13
-2.88658e-14
7.37188e-14
-4.79616e-14
4.84945e-13
6.76126e-13
5.32907e-15
1.3145e-13
-2.66454e-13
-7.81597e-14
1.52767e-13
-1.83742e-13
1.94511e-13
4.34652e-13
-2.45359e-13
1.86517e-14
-2.06501e-14
5.20695e-13
-1.36335e-13
8.61533e-14
5.25802e-13
4.0945e-13
-6.21725e-15
4.9738e-13
1.9984e-13
1.19016e-13
1.73195e-13
-2.26263e-13
1.00364e-13
-2.35589e-13
1.95288e-13
8.08242e-14
9.11271e-13
1.20792e-13
-4.04121e-14
7.06102e-13
9.10383e-14
1.28092e-13
-5.63993e-14
-8.02025e-13
-4.06342e-14
-1.74083e-13
-2.31815e-13
5.59552e-14
6.17284e-14
2.49578e-13
-4.44089e-15
3.30402e-13
-4.13003e-14
1.35003e-13
-6.96332e-13
2.38032e-13
2.24709e-13
-3.01759e-13
-5.76872e-13
-5.87974e-13
-1.74083e-13
4.57412e-13
4.80505e-13
1.4011e-13
1.11466e-13
2.83107e-13
2.9754e-14
1.88294e-13
-5.973e-14
1.07414e-13
2.08722e-13
5.1692e-13
-1.20792e-13
-1.43552e-13
-3.48499e-13
7.23865e-14
2.77112e-13
-1.19904e-14
3.28182e-13
-5.24025e-13
-1.5099e-13
-1.77636e-15
-6.21725e-15
1.33227e-13
8.36997e-13
-3.68594e-13
-3.90799e-14
3.71259e-13
3.24185e-14
-1.74083e-13
6.66134e-15
1.58984e-13
4.53859e-13
-1.36779e-13
-6.05294e-13
-1.43441e-13
-1.44329e-13
-3.22298e-13
7.50511e-14
1.36779e-13
7.70939e-13
-1.59872e-14
-1.42109e-13
-1.77636e-15
4.13003e-14
-2.47358e-13
-3.10862e-14
3.606e-13
8.70415e-14
-8.63309e-13
1.28786e-13
-2.4869e-14
-1.57319e-13
3.73035e-14
1.37668e-13
-1.32339e-13
-3.03313e-13
-2.79776e-13
2.04281e-14
9.76996e-15
-3.12195e-13
2.08722e-14
-2.07834e-13
-4.32099e-13
-2.26485e-13
-1.00808e-13
1.11022e-13
2.78222e-13
5.72875e-14
7.4607e-14
3.57048e-13
1.9762e-13
7.69163e-13
-7.77156e-14
7.28306e-14
-9.68114e-14
2.66454e-13
-3.16192e-13
1.18838e-12
-6.49258e-13
-8.70415e-14
-5.32907e-14
-2.60236e-13
-2.67342e-13
2.01617e-13
1.95843e-13
-2.89546e-13
1.06581e-14
1.38556e-13
-6.92779e-14
4.08562e-14
1.23901e-13
-3.19744e-14
-2.46914e-13
-6.9722e-14
3.05422e-13
1.10134e-13
-3.10862e-13
9.23706e-14
5.63993e-14
2.98428e-13
2.41585e-13
1.1724e-13
-2.42029e-13
-5.41789e-14
5.12701e-13
-8.17124e-14
1.92735e-13
4.12115e-13
6.40377e-13
-3.10862e-14
3.37508e-14
-1.88738e-13
-8.70415e-14
-1.25122e-13
9.76108e-13
-2.85105e-13
-3.81917e-13
1.4122e-13
1.36335e-13
9.9476e-14
-3.58824e-13
-8.08242e-14
-1.41664e-13
9.50351e-14
7.72715e-14
1.03806e-13
-6.39488e-14
1.68754e-13
3.52163e-13
6.02185e-13
-2.4869e-13
-5.24025e-14
1.26033e-12
-5.68434e-13
-6.79456e-14
2.0961e-13
-1.87406e-13
5.41789e-14
2.44471e-13
1.46549e-13
-1.49658e-13
-1.63425e-13
-1.74083e-13
1.94955e-13
5.23137e-13
9.28146e-14
3.48943e-13
-1.91291e-13
-7.38964e-13
1.04627e-12
-4.70735e-14
3.4639e-14
-1.28342e-13
-7.10543e-15
1.17817e-12
-2.00728e-13
-1.12022e-13
2.66454e-15
-1.26787e-13
6.21725e-14
-4.03233e-13
2.4869e-14
3.33955e-13
-1.85629e-13
-2.11831e-13
-3.91687e-13
1.11022e-13
2.79776e-13
-1.92762e-13
-1.33227e-14
7.4496e-14
-1.45661e-13
-7.4607e-14
-3.25073e-13
1.08358e-13
1.90958e-14
-2.26485e-13
7.28306e-14
-5.06262e-14
-7.10543e-14
7.36966e-13
1.27842e-13
-7.34968e-14
3.37508e-14
-1.98952e-13
2.97762e-13
2.03393e-13
1.68754e-14
-9.63674e-14
9.76996e-15
5.59552e-13
-2.45137e-13
8.88178e-15
-2.70006e-13
-4.9738e-14
-3.65041e-13
1.74527e-13
-9.14824e-14
-8.4821e-13
-8.26006e-14
-2.30482e-13
1.35003e-13
3.33067e-14
-9.52571e-14
1.34559e-13
2.60236e-13
-4.3876e-13
0
-2.72227e-13
-7.59393e-14
1.02141e-14
-2.13163e-13
2.18492e-13
9.23706e-14
6.12843e-14
4.20997e-13
-1.33227e-14
1.03029e-13
2.12275e-13
-2.22045e-15
4.83169e-13
-1.71418e-13
5.0715e-13
4.44089e-15
8.9706e-14
-1.65201e-13
-3.4639e-14
-5.34683e-13
-1.89182e-13
2.50466e-13
1.56319e-13
7.10543e-15
-1.92735e-13
-4.2899e-13
2.13163e-14
-1.1191e-13
-4.26326e-13
1.68754e-14
-6.92779e-14
-2.30926e-14
-5.01821e-14
3.19744e-13
-5.00933e-13
1.38556e-13
-1.59872e-13
5.10703e-14
1.9007e-13
1.95399e-14
-1.91847e-13
-3.78364e-13
-1.06581e-13
1.10134e-13
-3.21521e-13
-2.57572e-14
1.68754e-14
-3.4639e-13
9.05942e-14
1.24345e-13
-2.6823e-13
5.32907e-15
-3.48166e-13
2.23821e-13
-4.26326e-14
-1.52767e-13
4.23439e-13
-5.32907e-14
6.21725e-14
1.7053e-13
2.0961e-13
-6.03961e-14
-7.28306e-14
-1.52767e-13
-9.41469e-14
-7.63833e-14
-2.6823e-13
1.03473e-13
-1.47438e-13
2.6068e-13
-7.32747e-14
1.32339e-13
-3.13749e-13
3.01981e-14
5.973e-14
1.50546e-13
6.21725e-14
-1.42109e-14
2.30926e-14
-6.75016e-14
9.14824e-14
-1.46549e-14
-3.35731e-13
-3.73035e-14
-6.39488e-14
-1.59872e-13
-1.95455e-13
-1.93234e-13
-1.76748e-13
-5.18696e-13
-1.1724e-13
-1.47882e-13
5.41789e-14
3.62377e-13
-1.87406e-13
-7.58504e-13
1.40332e-13
1.85629e-13
-5.41789e-14
2.08056e-13
-5.55112e-14
2.03837e-13
-6.75016e-14
-9.05498e-13
-5.62217e-13
4.72511e-13
3.13971e-13
-2.38032e-13
-1.04805e-13
2.89546e-13
-1.21236e-13
2.70006e-13
-1.43885e-13
2.83329e-13
1.32339e-13
-1.5099e-14
1.01474e-13
-3.48166e-13
1.10134e-13
1.7053e-13
-7.24754e-13
7.81597e-14
1.12355e-13
9.50351e-14
-1.42997e-13
1.1191e-13
2.40696e-13
3.90799e-13
2.66454e-14
-4.44089e-14
0
-1.67777e-12
-1.15463e-13
3.32623e-13
2.23821e-13
-1.39444e-13
-7.60281e-13
3.12639e-13
1.56319e-13
-1.03029e-13
1.65201e-13
-5.2669e-13
-1.95399e-13
2.54019e-13
6.53699e-13
5.29354e-13
-6.92779e-14
1.92735e-13
2.16716e-13
5.68434e-14
-2.82441e-13
3.90799e-14
-1.14575e-13
-1.94511e-13
-4.79616e-13
5.34683e-13
-4.0512e-13
2.92655e-13
-3.2685e-13
5.59552e-14
-1.08358e-13
3.81917e-14
-4.26326e-14
2.64233e-13
-5.41789e-14
1.8785e-13
2.78444e-13
-5.32907e-15
-3.40172e-13
-1.77636e-14
-2.6823e-13
-7.99361e-14
-3.66374e-14
-2.94431e-13
2.70006e-13
8.65974e-14
2.0961e-13
1.08358e-13
-2.46025e-13
2.89102e-13
4.26326e-14
-3.86358e-13
-1.76748e-13
1.58096e-13
2.14051e-13
-2.23821e-13
2.8777e-13
9.76996e-14
-8.61533e-14
-1.55431e-13
-1.45217e-13
-2.53131e-13
4.39648e-13
-1.33227e-13
-7.4607e-14
-1.6076e-13
-2.78888e-13
2.16716e-13
1.3145e-13
-3.10862e-13
-1.30118e-13
-5.03625e-14
6.4837e-14
2.68674e-13
8.9706e-14
-3.39284e-13
2.38032e-13
1.24345e-14
-8.34888e-14
1.01252e-13
1.58096e-13
8.65974e-14
-7.72715e-14
4.54747e-13
-1.55431e-13
-2.04281e-13
-1.56319e-13
-1.40332e-13
1.01252e-13
-2.38032e-13
2.73559e-13
-9.23706e-14
-2.5091e-14
-2.07834e-13
2.77112e-13
5.06262e-14
-4.91607e-13
9.50351e-14
1.69642e-13
2.60236e-13
1.10134e-13
1.48503e-12
-5.54223e-13
1.58895e-12
-1.7053e-13
-1.95399e-13
1.06581e-13
-5.32907e-14
-4.44089e-14
1.7053e-13
2.39808e-13
3.81917e-14
3.10862e-15
3.33955e-13
-5.50671e-14
-1.61648e-13
-2.93987e-13
-4.04121e-13
1.91847e-13
-5.9952e-14
5.32907e-13
-8.52651e-14
1.16307e-12
7.10543e-15
1.03029e-13
-1.24345e-14
5.06262e-14
4.79616e-14
-2.41585e-13
2.66454e-14
-1.2701e-13
-1.68088e-13
-1.45661e-13
2.9976e-13
1.58096e-13
-1.44773e-13
-6.39488e-14
1.0314e-13
9.13158e-13
-2.86438e-14
1.29674e-13
-8.52651e-14
-5.01821e-14
-5.86198e-14
4.01457e-13
6.39488e-14
2.66454e-14
-7.01661e-14
1.58484e-14
2.03393e-13
-1.95399e-13
-2.64677e-13
3.00426e-13
1.19904e-14
3.05089e-13
-3.42837e-13
-1.40332e-13
-3.21299e-13
4.74287e-13
5.04485e-13
8.6553e-13
1.36779e-13
3.01092e-13
-2.26485e-13
1.68754e-14
1.80744e-13
-2.34479e-13
3.00204e-13
4.18332e-13
-1.35447e-13
1.20792e-13
1.27898e-13
-2.84217e-14
1.46549e-13
7.19425e-14
2.57572e-14
1.4122e-13
-4.44089e-13
-1.24345e-14
-2.32703e-13
6.18172e-13
1.15463e-14
1.64313e-14
9.14824e-14
1.84297e-13
1.03029e-13
-2.66454e-14
-2.02505e-13
-2.73559e-13
-6.92779e-14
9.65894e-14
-2.01561e-13
-4.52971e-14
-8.10019e-13
1.12799e-13
1.68754e-13
4.9738e-14
-1.49214e-13
-2.52243e-13
-3.73035e-14
6.75016e-14
4.12115e-13
-1.86517e-14
1.23679e-13
-3.63265e-13
-1.27898e-13
4.03233e-13
1.02407e-12
6.66134e-14
2.11386e-13
4.35207e-14
-1.77636e-13
2.58904e-13
4.34763e-13
-1.34559e-13
-1.20792e-13
4.13003e-14
-3.39284e-13
1.49214e-13
-1.87406e-13
-8.70415e-14
9.76996e-15
7.4607e-14
-6.03961e-14
6.25722e-13
-1.25011e-13
-2.65565e-13
-1.54321e-13
1.19904e-13
2.63789e-13
-9.32587e-15
9.37028e-14
-1.38556e-13
-9.19265e-14
2.30926e-13
2.51354e-13
-3.37508e-14
0
9.41469e-14
-1.52323e-13
-9.76996e-14
-3.55271e-14
7.99361e-14
-2.75335e-13
3.40283e-14
2.36255e-13
-8.0469e-13
2.39808e-14
-1.98952e-13
-1.42109e-14
2.13163e-13
1.27898e-13
-3.90799e-14
-1.45661e-13
-3.37508e-14
1.47882e-13
6.03961e-14
-4.36984e-13
3.92575e-13
-2.52243e-13
3.19744e-13
2.93099e-14
1.01252e-13
-2.15383e-13
6.4837e-14
-2.61124e-13
-7.10543e-14
4.4853e-14
7.63833e-14
-5.9508e-14
-6.03961e-14
3.3884e-13
4.44089e-15
-2.38032e-13
5.21805e-14
-1.53655e-13
-1.51434e-13
-6.9722e-14
1.40332e-13
1.10134e-13
-1.55431e-13
4.10338e-13
-3.58824e-13
4.70735e-14
7.99361e-14
3.15303e-14
-1.59872e-14
-4.50306e-13
5.77316e-15
2.96652e-13
-1.74083e-13
-2.60014e-13
-2.34479e-13
-9.05942e-14
2.5846e-13
4.35207e-14
7.10543e-15
-1.81188e-13
-5.72875e-14
-8.88178e-14
2.76223e-13
-9.32587e-14
-5.24025e-13
-3.77476e-15
6.57252e-14
-2.4869e-14
-1.9762e-14
-4.06786e-13
3.69926e-13
8.79297e-14
2.38032e-13
-2.66009e-13
2.26485e-14
1.42109e-14
-1.19904e-14
7.28306e-14
-1.86517e-13
1.52767e-13
-7.81597e-14
-2.5957e-13
1.6831e-13
-1.82965e-13
1.57208e-13
-1.84741e-13
-1.3145e-13
-2.67564e-14
1.26121e-13
1.54543e-13
8.21565e-14
2.24709e-13
-9.23706e-14
-5.18696e-13
-9.50351e-14
5.50671e-14
1.20792e-13
2.66454e-14
-3.81917e-13
2.66454e-13
-2.81997e-14
1.63425e-13
2.16716e-13
5.06262e-14
6.39488e-14
-6.21725e-15
4.01457e-13
-1.74749e-13
7.10543e-15
4.35207e-13
-3.01981e-14
-4.61853e-14
-3.55271e-14
-7.10543e-14
2.66454e-15
-1.13687e-13
9.76996e-14
8.70415e-14
-4.83169e-13
0
2.06057e-13
-3.19744e-14
-4.30767e-13
4.73399e-13
-1.46327e-13
5.52447e-13
-1.52767e-13
-1.1191e-13
-2.39808e-14
1.2057e-13
-1.54099e-13
7.81597e-14
8.34888e-14
2.03948e-13
-7.28306e-14
-2.42029e-14
-3.19744e-13
4.4853e-14
-3.17968e-13
3.9968e-15
-6.39488e-14
-1.37779e-13
-1.74971e-13
-2.15827e-13
-1.61648e-13
-2.26485e-13
6.57252e-14
-3.01981e-14
-9.9476e-14
-1.95399e-13
-5.9952e-14
1.18128e-13
7.81597e-14
-1.33227e-14
-1.95399e-13
-2.36255e-13
-1.20792e-13
-1.24345e-14
-7.5584e-13
-2.23821e-13
6.66134e-14
1.88127e-13
-1.70974e-13
3.90799e-14
8.79297e-14
4.88498e-13
-3.55271e-13
-3.55271e-15
-1.06581e-13
2.38032e-13
1.02141e-13
-6.11067e-13
-1.24345e-13
-1.23457e-13
-1.5099e-14
2.84217e-14
8.65974e-14
-9.01501e-14
-1.54543e-13
4.9627e-14
8.88178e-14
-7.03881e-14
-2.65121e-13
1.34337e-14
-4.39648e-14
-3.81917e-13
-1.00364e-13
-8.88178e-15
4.08562e-14
1.64757e-13
-1.54543e-13
1.53655e-13
1.69642e-13
-1.91847e-13
3.55271e-14
3.28626e-14
-3.07754e-13
1.35669e-13
3.6593e-13
1.92735e-13
-6.92779e-14
-3.475e-13
1.33227e-14
8.52651e-14
0
1.1724e-13
-3.30402e-13
2.04281e-13
4.52971e-14
7.7327e-14
1.96509e-13
-1.42109e-14
7.89369e-14
4.88498e-15
3.9968e-15
-9.59233e-14
8.52651e-14
-1.15463e-14
1.66089e-13
9.9476e-14
-5.19584e-13
-8.52651e-14
-7.81597e-14
1.34115e-13
-8.61533e-14
1.24345e-14
7.01661e-14
4.9738e-14
2.01617e-13
-6.03961e-14
1.89182e-13
-6.21725e-15
1.1191e-13
-3.18856e-13
-5.21361e-13
3.9968e-13
-5.1692e-13
-6.39488e-14
-1.63425e-13
2.45137e-13
-4.88498e-14
-3.68594e-14
2.41585e-13
2.2915e-13
-9.14824e-14
-1.1946e-13
4.55636e-13
-3.64153e-13
-2.55351e-13
-2.32703e-13
9.50351e-14
-5.90639e-14
6.21725e-14
3.73035e-14
3.45501e-13
9.32587e-14
2.93099e-13
-1.50102e-13
-2.53131e-13
-8.06022e-14
-1.90958e-14
-1.1724e-13
-3.37508e-14
1.92735e-13
1.16351e-13
3.68594e-14
-2.30926e-14
5.32907e-15
1.95399e-14
-3.62377e-13
3.0087e-14
-9.50351e-14
2.23821e-13
-4.50306e-13
2.27374e-13
-2.22045e-14
1.13243e-14
1.7053e-13
3.4639e-14
-1.49186e-14
3.47278e-13
8.57092e-14
-1.5099e-13
-2.4869e-13
-9.14824e-14
1.15463e-14
8.88178e-15
-2.35811e-13
5.7121e-14
2.4869e-14
-3.55271e-15
8.70415e-14
-1.12799e-13
1.77636e-15
-5.32907e-14
2.41585e-13
-2.88658e-13
-1.49214e-13
-6.4837e-14
-1.59872e-14
-1.26121e-13
-2.1827e-13
1.23457e-13
3.10862e-13
3.73035e-14
-3.7037e-13
-8.9706e-14
-3.01981e-14
-4.41869e-13
4.9738e-14
-2.73559e-13
1.24345e-14
4.35207e-14
-1.39444e-13
4.21885e-14
-1.54543e-13
-1.14686e-13
1.24345e-13
-4.35207e-14
1.03917e-13
2.18492e-13
3.8991e-13
-7.63833e-14
1.22569e-13
6.32827e-14
2.88658e-13
-2.84217e-13
-8.22675e-14
2.60902e-14
-6.75016e-14
-1.88294e-13
-1.1191e-13
6.75016e-14
-2.20268e-13
-8.88178e-14
7.63833e-14
2.13163e-14
2.44693e-13
5.50671e-14
7.41629e-14
-1.12799e-13
1.01252e-13
2.84217e-14
-8.70415e-14
-1.27898e-13
2.04281e-13
1.72307e-13
-1.06581e-14
-5.50671e-14
-5.72875e-14
2.61124e-13
-2.93099e-13
5.15143e-14
-2.89546e-13
-2.84217e-13
-6.08402e-14
-1.03917e-13
5.32907e-15
3.2685e-13
-1.77636e-15
6.03961e-14
1.14131e-13
3.39728e-14
3.5083e-13
1.33227e-15
1.59872e-14
3.10862e-14
-1.97176e-13
3.55271e-15
-3.34399e-13
-3.89022e-13
1.08358e-13
6.05072e-14
1.3145e-13
3.37508e-14
-1.67866e-13
-5.32907e-14
1.47438e-13
-1.93623e-13
3.37508e-14
-1.77636e-15
-8.52651e-14
1.1724e-13
2.4869e-13
2.30926e-14
-2.67342e-13
-8.12683e-14
1.10134e-13
-3.55271e-15
-1.10134e-13
-2.07834e-13
1.88294e-13
4.61853e-14
-3.55271e-14
9.85878e-14
-8.70415e-14
1.06581e-14
-9.59233e-14
-1.20792e-13
4.61853e-14
1.08358e-13
-3.01981e-14
-6.03961e-14
1.29674e-13
2.27374e-13
4.9738e-14
4.61853e-14
5.06262e-14
-5.65104e-14
7.81597e-14
2.71783e-13
-1.10134e-13
5.32907e-15
-7.72715e-14
5.59552e-14
1.55431e-13
7.10543e-15
1.24345e-13
1.95399e-14
1.4122e-13
2.66454e-15
1.95399e-14
4.08562e-14
-1.76525e-14
1.54765e-13
2.22045e-14
1.61648e-13
1.41664e-13
5.50671e-14
-3.01981e-14
-3.95239e-14
5.41789e-14
-3.94351e-13
-3.73035e-14
-1.84741e-13
-6.57252e-14
1.00364e-13
-5.50671e-14
-3.86358e-14
1.18128e-13
6.12843e-14
-3.10862e-14
-1.77636e-15
-1.61648e-13
5.06262e-14
4.42091e-13
7.10543e-15
-1.03029e-13
1.21014e-14
1.9007e-13
-7.10543e-14
-3.01981e-14
-3.66374e-14
4.61853e-14
5.73763e-13
-5.15143e-14
-2.34479e-13
-2.66454e-15
1.79412e-13
-7.03881e-14
-1.12799e-13
4.17444e-14
-1.73861e-13
-2.13163e-14
1.77636e-15
5.32907e-15
7.68274e-14
-1.92735e-13
-2.10942e-13
-2.18492e-13
1.23457e-13
1.24345e-13
-2.84217e-14
3.05533e-13
9.81437e-14
4.30322e-13
-1.83853e-13
1.49214e-13
3.33067e-14
1.66978e-13
-8.08242e-14
-3.73035e-14
8.88178e-14
-1.51879e-13
2.06057e-13
5.28466e-14
-6.39488e-14
-1.44995e-13
1.1724e-13
-1.02141e-14
7.63833e-14
8.88178e-16
4.17444e-14
5.4623e-14
1.45661e-13
-1.13687e-13
8.79297e-14
-4.66294e-14
-4.08562e-14
-3.01981e-13
-2.66454e-14
5.10703e-15
-4.08562e-14
-1.95399e-14
1.95399e-14
7.28306e-14
1.5099e-13
-2.22045e-14
3.64153e-14
1.74083e-13
1.72307e-13
8.88178e-15
-8.03801e-14
-7.10987e-13
8.88178e-16
-3.73035e-13
1.96732e-13
1.32561e-13
-3.4639e-14
5.19584e-14
-4.50529e-13
6.12288e-13
9.85878e-14
-1.58984e-13
2.00728e-13
-3.9746e-14
1.9984e-14
-1.33227e-13
-1.82798e-13
-3.86358e-14
-9.05942e-14
1.42109e-14
6.59472e-14
6.43929e-14
1.88405e-13
4.44089e-15
6.03961e-14
-1.85629e-13
3.73035e-14
-1.68754e-13
-9.9476e-14
-1.2168e-13
-1.26121e-13
-2.30926e-14
4.40536e-13
1.88294e-13
5.92859e-14
1.79412e-13
3.55715e-13
9.80993e-13
-5.41789e-14
-3.81917e-14
6.99441e-15
5.24025e-14
-7.41629e-14
-9.32587e-14
2.04281e-14
-7.77156e-14
-8.88178e-16
-2.2915e-13
-1.36779e-13
-3.77476e-13
7.99361e-14
5.15143e-14
-8.88178e-15
7.99361e-15
-1.84741e-13
-5.32907e-14
1.59872e-14
2.55795e-13
1.10134e-13
-9.76996e-15
-1.20792e-13
2.75335e-14
-1.24345e-14
-8.62088e-14
-2.20268e-13
-1.74083e-13
-1.77636e-13
3.30402e-13
1.3145e-13
-3.62377e-13
2.30038e-13
-1.99174e-13
-1.11022e-13
-2.16716e-13
-5.10703e-15
7.99361e-14
-1.19016e-13
-2.35367e-14
-3.01981e-14
8.74856e-14
8.52651e-14
-1.40332e-13
-1.84741e-13
-2.62901e-13
2.39808e-14
1.30118e-13
4.17444e-14
-7.10543e-15
7.99361e-14
-1.15463e-13
-3.55271e-14
-8.70415e-14
7.63833e-14
-7.92699e-14
3.90799e-14
5.32907e-14
1.23457e-13
-8.52651e-14
9.23706e-14
4.61853e-14
-1.82077e-14
-1.10134e-13
2.30926e-14
5.15143e-14
-2.84217e-14
-7.63833e-14
-2.66454e-14
5.68434e-14
1.13687e-13
5.86198e-14
5.06262e-14
3.55271e-15
5.06262e-14
-1.79412e-13
-5.68434e-14
1.08358e-13
-3.90799e-14
2.23821e-13
-3.19744e-14
-6.57252e-14
6.03961e-14
-1.20792e-13
-9.41469e-14
-2.98428e-13
-1.03029e-13
-1.15463e-13
1.33671e-13
-1.9984e-13
-9.76996e-15
1.97176e-13
5.50671e-14
3.5083e-13
-2.66454e-14
1.19016e-13
1.15463e-13
6.61693e-14
2.4869e-14
-5.62883e-14
1.58096e-13
8.17124e-14
1.68754e-13
1.26121e-13
2.57572e-14
1.04805e-13
4.26326e-14
3.25073e-13
-1.77636e-15
-1.35003e-13
-1.36779e-13
1.88294e-13
2.35367e-13
-1.68754e-14
-2.18492e-13
3.61933e-14
-1.06651e-14
-8.88178e-14
-5.68434e-14
-7.9492e-14
-2.10942e-13
-2.75335e-14
6.26166e-14
-4.57412e-14
1.32339e-13
-7.72715e-14
-3.24185e-14
2.44249e-14
6.77236e-14
-2.23821e-13
-2.37588e-14
-2.13163e-14
-1.24345e-14
2.79776e-14
2.66454e-14
4.08562e-14
1.08358e-13
4.44089e-15
-8.34888e-14
1.40332e-13
4.79616e-14
-5.32907e-14
1.65201e-13
-4.61853e-14
-2.13163e-14
-1.95399e-14
3.30846e-14
-1.37668e-13
1.64313e-14
-1.57208e-13
-1.68754e-14
7.14984e-14
1.26121e-13
-3.33955e-13
-9.59233e-14
-1.70974e-13
-3.9968e-15
-3.4639e-14
-7.10543e-15
-1.40332e-13
-6.21725e-14
5.86198e-14
-1.15907e-13
-1.93734e-14
1.3145e-13
1.24345e-14
-9.9476e-14
3.81917e-14
-7.10543e-15
8.34888e-14
-1.06581e-14
3.55271e-14
4.52971e-14
-7.63833e-14
-1.36779e-13
3.55271e-14
-5.59552e-14
-2.22933e-13
3.90799e-14
-6.03961e-14
3.55271e-15
3.73035e-14
1.55431e-13
7.37188e-14
-1.42109e-13
-3.01981e-14
-8.43769e-14
-1.91847e-13
4.79616e-14
-1.08802e-13
-3.64153e-14
5.7554e-13
-1.39888e-14
1.9007e-13
1.57208e-13
4.61853e-14
-2.66454e-15
3.55271e-15
3.19744e-14
5.32907e-14
-3.19744e-13
-4.70735e-14
4.35207e-14
-1.92735e-13
2.13163e-14
1.06581e-13
2.4869e-14
6.9722e-14
8.08242e-14
-8.34888e-14
-3.19744e-14
1.59872e-14
-5.32907e-14
-2.23821e-13
8.52651e-14
-2.75335e-14
5.32907e-14
-1.01474e-13
-2.96652e-13
1.33227e-14
-1.54543e-13
-6.92779e-14
-3.90799e-14
-1.01252e-13
1.04805e-13
1.30118e-13
-7.72715e-14
-4.61853e-14
1.27898e-13
7.99361e-15
2.84217e-14
-1.82965e-13
-1.77636e-15
2.16716e-13
4.08562e-14
-1.77636e-14
7.23865e-14
7.54952e-15
-1.5099e-14
4.44089e-15
5.32907e-15
-5.50671e-14
-9.23706e-14
-8.34888e-14
-2.4869e-14
-6.39488e-14
-1.6076e-13
3.55271e-14
-1.24345e-13
-6.92779e-14
3.01981e-14
6.21725e-15
1.33227e-13
3.37508e-14
1.3145e-13
6.03961e-14
1.95399e-13
-1.14575e-13
-1.15463e-13
-7.10543e-15
1.61648e-13
1.35447e-14
-5.68434e-14
-2.93099e-14
-3.55271e-15
9.23706e-14
3.20854e-14
7.59393e-14
-3.55271e-15
2.66454e-14
-3.4639e-14
1.06581e-14
7.14984e-14
-3.19744e-14
-8.17124e-14
-4.44089e-14
-1.06581e-14
3.64153e-14
1.95399e-14
-1.77636e-15
-5.9508e-14
1.2923e-13
8.79297e-14
5.50671e-14
8.61533e-14
4.52971e-14
4.26326e-14
7.99361e-15
1.0747e-13
-4.9738e-14
-5.10703e-14
5.50671e-14
-7.81597e-14
-5.72875e-14
7.81597e-14
8.52651e-14
-1.22569e-13
-3.55271e-14
1.24345e-14
4.08562e-14
-3.9968e-14
-4.44089e-14
0
-4.13003e-14
-1.16351e-13
-1.59872e-14
-2.04281e-14
-1.77636e-15
-1.77636e-15
-6.83897e-14
-1.68754e-14
-4.08562e-14
-1.06581e-14
-1.1724e-13
8.23785e-14
1.86517e-14
-4.61853e-14
4.9738e-14
4.13003e-14
9.23706e-14
-1.06581e-14
7.54952e-14
-2.9976e-15
2.39808e-14
-5.32907e-14
1.77636e-14
1.02141e-13
-6.30607e-14
-1.39888e-14
6.39488e-14
-6.03961e-14
-6.03961e-14
-3.01981e-14
-8.88178e-15
-5.21805e-14
4.27436e-14
2.84217e-14
-2.04281e-14
1.33227e-14
2.95319e-14
2.44249e-14
7.01661e-14
-6.21725e-14
-4.996e-14
1.24345e-14
-7.10543e-15
1.15463e-13
8.43769e-15
3.19744e-14
9.23706e-14
1.28786e-14
0
-7.99361e-14
3.37508e-14
-1.11022e-14
5.9508e-14
-2.53131e-14
-6.83897e-14
-1.12799e-13
7.37188e-14
1.86517e-14
-1.13243e-14
1.68754e-14
-6.75016e-14
2.84217e-14
-5.9508e-14
-3.90799e-14
5.19584e-14
-3.01981e-14
-5.15143e-14
2.75335e-14
-4.37428e-14
7.10543e-15
1.06581e-14
3.19744e-14
8.88178e-15
3.19744e-14
-4.08562e-14
-9.05942e-14
-8.88178e-14
2.13163e-14
-3.4639e-14
3.4639e-14
-9.76996e-15
-3.73035e-14
3.81917e-14
4.26326e-14
2.30926e-14
-5.37348e-14
2.66454e-14
-8.17124e-14
8.88178e-16
2.75335e-14
-6.03961e-14
-1.77636e-14
4.44089e-15
-1.59872e-14
6.21725e-14
2.13163e-14
-4.08562e-14
-1.68754e-14
6.21725e-14
-9.41469e-14
-1.06581e-14
-5.68434e-14
2.4869e-14
3.90799e-14
-4.26326e-14
-3.9968e-14
6.70575e-14
-3.90799e-14
-1.42109e-14
-7.28306e-14
-2.66454e-15
-5.32907e-14
4.08562e-14
2.17604e-14
6.21725e-15
-2.84217e-14
-3.73035e-14
8.08242e-14
-1.77636e-14
4.26326e-14
4.26326e-14
3.01981e-14
6.21725e-15
1.77636e-14
-4.26326e-14
4.08562e-14
-3.77476e-15
-2.08722e-14
-9.32587e-15
-1.42109e-14
-6.39488e-14
-2.75335e-14
8.88178e-16
-1.5099e-14
1.77636e-14
-5.86198e-14
1.68754e-14
-1.59872e-14
-5.32907e-14
2.84217e-14
9.76996e-15
-2.33147e-15
-2.22045e-15
-3.55271e-14
-2.04281e-14
1.06581e-14
