5.21805e-15
5.77316e-14
1.16573e-15
-1.82937e-13
5.18821e-14
5.32907e-15
-8.81517e-14
-7.60503e-15
9.9365e-15
3.31957e-14
-4.7462e-14
-8.15459e-14
-6.8473e-14
-7.33857e-14
-1.05277e-13
-6.33382e-14
7.93809e-14
-4.64073e-14
1.80744e-13
-4.4631e-14
-1.13243e-14
-4.36318e-14
7.66054e-14
-5.21805e-15
6.4948e-15
-4.86278e-14
-1.23235e-13
-9.14824e-14
2.07612e-14
1.74194e-13
6.52811e-14
-6.05072e-15
4.31044e-14
-9.29812e-14
1.90958e-14
-1.15463e-14
3.84692e-14
-7.54952e-15
-1.07914e-13
8.81517e-14
-6.53713e-14
-3.13638e-14
-2.77778e-13
-8.41549e-14
2.5091e-14
-2.58904e-13
-8.24896e-14
7.88258e-15
1.34337e-14
-4.7562e-13
6.83342e-14
5.38458e-14
-4.4631e-14
7.50233e-14
5.34295e-14
8.32667e-14
9.68114e-14
1.77636e-14
-8.92342e-14
-1.10245e-13
2.60347e-14
7.93809e-14
-9.29812e-14
-6.4948e-14
-2.77556e-15
8.28088e-14
4.44089e-15
7.39409e-14
1.99063e-13
-1.45439e-13
9.68114e-14
-1.02029e-13
-2.94209e-15
-2.68563e-13
5.61773e-14
-1.73195e-14
2.18603e-13
-1.33893e-13
-6.43929e-14
1.00808e-13
2.61458e-14
-8.34888e-14
-1.50269e-13
1.25538e-13
-6.93889e-14
1.11799e-13
-2.68452e-13
-2.367e-13
5.09592e-14
-3.88578e-14
6.30607e-14
4.22995e-14
-1.18017e-13
-1.85185e-13
7.68274e-14
7.09988e-14
6.4615e-14
-3.23575e-13
1.24345e-14
9.99201e-14
1.62093e-13
-1.17684e-13
1.07969e-14
6.55032e-15
7.99361e-15
-1.20459e-13
2.68674e-14
2.02838e-13
-8.65974e-14
-2.28151e-13
8.79297e-14
-1.47438e-13
-5.20473e-13
4.75175e-14
2.77223e-13
1.99618e-13
-8.08242e-14
1.69864e-14
6.82787e-14
-7.10543e-15
1.47105e-15
-3.84581e-13
-3.37286e-13
-6.78346e-14
-2.06501e-14
6.66134e-15
-5.19584e-14
2.81997e-14
5.37348e-14
4.44089e-14
5.38791e-13
-4.70735e-14
-3.27738e-13
-8.99281e-15
3.62821e-13
2.06057e-13
-3.51275e-13
-6.16174e-14
1.37224e-13
1.95399e-13
1.72917e-13
1.7808e-13
2.23155e-13
-1.13021e-13
1.49325e-13
4.78506e-14
-1.16018e-13
-2.03282e-13
-2.28706e-14
9.60343e-14
2.60236e-13
-4.83225e-14
7.57172e-14
-3.29958e-13
-3.78808e-13
7.66054e-15
-1.36335e-13
-1.68088e-13
2.76945e-13
-1.02141e-13
1.46549e-13
2.81553e-13
1.03695e-13
-6.66134e-16
8.88178e-16
2.81553e-13
-1.39333e-13
2.55351e-14
2.62013e-14
-7.9492e-14
1.31006e-13
3.33067e-15
1.86517e-14
-1.03473e-13
1.38112e-13
-1.1513e-13
1.78746e-13
2.1938e-13
-9.54792e-14
2.20546e-13
2.82663e-13
3.60156e-13
1.59539e-13
-8.26006e-14
6.68354e-14
-1.59067e-13
-2.40252e-13
-7.81597e-14
3.9746e-14
1.82965e-13
9.79217e-14
1.22125e-13
4.07896e-13
-3.47611e-13
-3.42837e-13
2.88658e-13
-2.71783e-13
4.00346e-13
-3.68594e-14
3.76574e-13
-5.44453e-13
-2.26485e-14
2.29816e-14
-2.24487e-13
1.50324e-13
1.38778e-14
-7.18314e-14
2.38476e-13
-2.49523e-13
5.63299e-14
3.5838e-13
1.83187e-13
-1.30562e-13
3.9968e-15
3.50414e-13
-1.40776e-13
2.62457e-13
1.68754e-14
-9.9587e-14
-2.96652e-13
-5.11119e-14
2.65565e-13
-6.19504e-14
-3.27294e-13
5.44897e-13
-4.08784e-13
4.87388e-14
2.01394e-13
4.86833e-14
5.1803e-13
1.88516e-13
2.46914e-13
-1.9762e-14
1.68865e-13
-1.72307e-13
-1.90181e-13
1.31228e-13
-1.27121e-14
2.97096e-13
5.01377e-13
-8.68194e-14
-9.30367e-14
6.81677e-14
1.50102e-13
1.46994e-13
-5.44675e-13
-1.99174e-13
-1.95732e-13
-4.04121e-14
-5.32907e-14
1.08802e-13
-4.77396e-14
2.13385e-13
8.4821e-14
1.44329e-13
-1.17018e-13
-5.68434e-14
3.606e-13
-3.28626e-14
7.68274e-14
2.22045e-15
8.88178e-16
-3.02425e-13
-1.97176e-13
-1.44329e-15
3.81917e-14
-2.53575e-13
-2.02283e-13
1.78857e-13
3.72369e-13
2.65676e-13
5.05151e-14
-4.85945e-13
-7.08392e-14
-8.43769e-14
-5.26801e-14
-2.29039e-13
-1.19016e-13
-4.13558e-13
4.30211e-14
2.91989e-13
-3.95239e-14
-2.35034e-13
-2.57572e-14
-5.68351e-13
-5.76206e-14
9.01501e-14
8.34e-13
9.76996e-15
1.47482e-12
-4.92939e-14
3.60822e-13
1.55542e-13
-2.43361e-13
-4.88498e-15
-2.70506e-13
1.74527e-13
-7.16094e-14
1.10578e-13
2.55795e-13
4.10449e-13
1.72307e-13
-1.01918e-13
-1.48881e-13
-5.2669e-13
1.79079e-13
2.42029e-13
5.61773e-14
-1.06581e-13
2.5635e-13
1.45883e-13
-3.33067e-14
5.7776e-13
2.81553e-13
2.49079e-13
5.5933e-13
3.19966e-13
-2.30926e-13
5.07205e-13
4.05453e-13
-3.10862e-15
-1.66533e-14
-1.37645e-12
-1.50546e-13
-1.15463e-14
-1.12665e-12
6.46816e-13
-4.68736e-13
-2.10498e-13
9.88098e-14
-1.02141e-14
-5.16254e-14
1.86628e-13
-3.5083e-14
3.61933e-14
3.10862e-14
-6.17839e-14
2.23765e-13
3.2091e-13
-2.46025e-13
1.51434e-13
2.13163e-13
1.50768e-13
-1.28786e-14
6.12843e-14
-1.61204e-13
-2.35367e-13
1.33671e-13
-2.10498e-13
5.32907e-14
-4.13891e-13
1.79412e-13
2.47358e-13
-9.32587e-15
-2.31815e-13
-5.36182e-13
-2.28706e-14
3.19744e-14
-1.7697e-13
6.9722e-14
1.21014e-13
1.12799e-13
1.1724e-13
2.82441e-13
1.5099e-13
1.22125e-13
9.84768e-14
-2.19824e-14
4.52971e-13
-1.64313e-13
-6.21725e-14
-6.386e-13
1.72307e-13
1.86517e-14
-5.87752e-13
2.66898e-13
-1.86962e-13
-1.1724e-13
2.22045e-14
8.37108e-14
-1.06581e-13
-5.01821e-14
-3.21521e-13
1.39666e-13
-2.06057e-13
1.77636e-15
1.60982e-15
5.16254e-14
1.08802e-14
-4.72955e-14
-3.33067e-14
-1.37113e-13
8.72635e-14
-1.10711e-12
2.4869e-14
-7.18869e-14
-1.4122e-13
1.19071e-14
-3.88384e-13
8.45435e-14
1.27121e-13
1.74749e-13
1.95399e-14
-4.4853e-14
2.44249e-14
-1.09357e-14
-6.42819e-14
5.16476e-13
6.40599e-14
-3.25073e-13
-3.41949e-14
1.07692e-13
-2.8777e-13
-5.29354e-13
-1.81188e-13
2.75557e-13
-5.68434e-14
2.64233e-14
1.08136e-13
-8.65974e-14
-7.54952e-14
1.76748e-13
-4.95159e-13
1.6076e-13
-4.26326e-14
-3.65485e-13
1.88738e-13
2.91767e-13
-2.10942e-15
1.37668e-13
-1.50324e-13
3.00537e-13
2.38809e-13
2.37865e-13
-6.21614e-13
3.28626e-14
-2.30926e-14
-4.64739e-13
3.55938e-13
4.36762e-13
2.07834e-13
-3.64153e-14
-4.06786e-13
-1.95399e-14
-2.17604e-14
-1.63425e-13
-2.51354e-13
-8.34888e-14
4.57634e-13
-1.44829e-13
-2.08722e-14
1.30562e-13
-1.93623e-13
-2.79943e-13
-2.62235e-13
5.8531e-13
-3.9968e-13
5.32907e-15
2.3806e-13
2.03393e-13
-1.94955e-13
1.66089e-13
-5.32907e-14
3.42837e-13
3.37508e-14
-4.44089e-14
-3.55271e-13
-1.35891e-13
3.10418e-13
-3.80251e-13
3.8769e-13
9.02611e-14
1.29674e-13
1.84741e-13
5.77316e-15
1.28786e-13
-9.59233e-14
-5.9508e-14
-7.68274e-14
2.03837e-13
2.26041e-13
6.9722e-14
-7.86038e-14
-4.77396e-14
-2.35811e-13
-1.29563e-13
-1.36557e-14
2.07834e-13
3.93019e-13
-1.64979e-13
-1.49658e-13
-4.08562e-14
4.46865e-13
-1.43663e-13
-1.12355e-13
-4.40314e-13
3.56382e-13
1.75193e-13
3.64153e-14
1.83409e-13
-5.72875e-14
5.10703e-14
2.4647e-14
-1.19682e-13
-1.53211e-14
-4.73621e-13
7.5473e-13
4.04787e-13
-6.70797e-13
-3.05311e-13
2.66454e-14
-1.15907e-13
-1.27898e-13
-5.14255e-13
1.90514e-13
3.73035e-14
1.6076e-13
-5.9619e-13
-1.65201e-13
-3.2907e-13
1.96732e-13
-2.66454e-15
2.66454e-15
-1.3789e-13
2.16938e-13
2.45581e-13
2.48468e-13
-1.20792e-13
-8.32667e-14
5.9508e-14
1.29896e-13
-1.17684e-13
1.74083e-13
-1.98758e-13
1.63425e-13
9.76996e-14
3.97127e-13
1.03056e-13
-6.70575e-14
2.69562e-13
9.32587e-15
1.84297e-14
6.386e-13
1.79634e-13
9.32587e-15
-8.70415e-14
-7.19869e-13
2.71783e-13
4.54747e-13
-2.66898e-13
-2.08278e-13
1.19904e-13
4.27436e-13
6.96665e-14
6.37268e-14
1.90958e-14
4.45421e-13
2.27374e-13
-1.9007e-13
-3.24185e-14
-2.28262e-13
5.28466e-14
1.61648e-13
1.49214e-13
-1.51879e-13
5.68989e-13
6.52811e-14
4.13447e-13
2.43583e-13
-3.01731e-13
-3.1819e-13
-8.89844e-13
-1.98952e-13
1.63536e-13
-4.79616e-14
1.82299e-13
3.44613e-13
-1.19016e-13
-2.10942e-13
5.21805e-14
1.67866e-13
-1.44551e-13
-1.96732e-13
-9.61009e-13
-1.41442e-13
-3.03757e-13
1.05249e-13
-1.47438e-13
-1.37668e-14
-2.75335e-13
-2.39808e-13
-8.79297e-14
3.24185e-14
-3.73035e-14
1.75859e-13
-1.47105e-13
4.4631e-14
3.73035e-14
2.03282e-13
-1.96732e-13
-2.62901e-13
1.34559e-13
7.59393e-14
-6.9611e-14
7.11653e-14
-3.43725e-13
-4.10005e-13
2.29372e-13
6.05738e-13
-3.9746e-13
-1.75415e-14
3.67706e-13
4.66294e-15
-3.3662e-13
1.33227e-14
6.05072e-13
7.73992e-13
1.82077e-13
-3.68594e-14
-7.30527e-14
2.11164e-13
-2.43389e-13
-1.66089e-13
-2.76223e-13
-2.40696e-13
-1.57652e-13
2.07834e-13
-1.08247e-13
1.1191e-13
-5.14033e-14
1.6076e-13
1.72307e-13
2.25153e-13
-1.81966e-13
-4.75175e-14
-2.34257e-13
-3.12639e-13
3.59712e-14
1.54543e-13
-1.64091e-13
-2.35811e-13
9.99201e-15
3.39506e-13
1.86517e-13
1.24234e-13
-2.66454e-15
9.35918e-13
-6.9722e-13
-1.62093e-14
4.54303e-13
5.68989e-14
-1.803e-13
-7.01661e-14
-2.44249e-15
5.14699e-13
-3.00204e-13
2.45803e-13
-2.01172e-13
-2.13163e-14
7.72493e-13
-1.32783e-13
-5.77538e-13
7.71827e-13
1.16351e-13
1.58096e-13
-3.05089e-13
5.95912e-13
-3.95239e-14
2.22045e-13
-4.50084e-13
2.74003e-13
2.4325e-13
-8.37108e-13
8.6553e-13
1.30007e-13
2.22045e-14
-6.21725e-15
2.8022e-13
-1.47882e-12
-4.01457e-13
-4.33431e-13
-1.21236e-13
1.32727e-13
-3.52829e-13
-3.23103e-13
1.63203e-14
1.11022e-16
6.03073e-13
-1.08802e-14
4.57856e-13
-2.23821e-13
-5.13367e-13
-3.10862e-14
-5.33129e-13
-6.88338e-13
-6.39488e-13
2.76223e-13
-1.94289e-13
6.19504e-14
9.12603e-14
-6.4837e-13
5.83977e-14
-1.31839e-14
2.52687e-13
-1.40776e-13
1.16351e-13
-5.1692e-13
3.6593e-13
4.9738e-14
-5.55556e-13
2.01394e-13
7.80487e-14
-4.93494e-14
-1.80966e-13
2.14051e-13
-3.05977e-13
-2.49356e-13
-7.66054e-14
3.4861e-14
-1.33338e-13
-2.69992e-13
-4.63185e-13
-1.02141e-13
-1.66089e-13
8.35776e-13
-4.59188e-13
-3.23741e-13
5.11147e-13
-4.61853e-13
1.37224e-13
-2.75335e-13
-1.65645e-13
-6.99441e-14
5.41789e-14
2.27374e-13
-1.88738e-14
5.95968e-13
2.44249e-13
-1.17684e-13
-1.71863e-13
-4.88498e-15
8.17124e-14
-1.38556e-13
3.36509e-13
-3.94129e-13
1.42553e-13
2.28706e-13
-7.83817e-14
-5.55389e-14
-5.15143e-14
-1.29813e-13
1.15907e-13
-3.04645e-13
-1.15197e-12
-1.24123e-13
1.33671e-13
-8.03801e-14
2.63789e-13
-1.77192e-13
-1.1191e-13
1.81632e-13
9.99201e-15
-2.79554e-13
1.37668e-13
-7.99361e-14
-9.9476e-14
2.14051e-13
6.39488e-14
5.69322e-13
-6.20615e-13
-6.13953e-14
-3.41949e-13
-4.82281e-13
-3.81917e-14
-4.32099e-13
-7.26086e-14
-2.82885e-13
1.28231e-14
2.43472e-13
-1.67866e-13
1.3145e-13
-2.78888e-13
-3.2685e-13
2.5846e-13
-5.44599e-13
-9.91429e-14
1.56319e-13
-6.27054e-13
-1.70974e-13
1.07914e-12
-4.79394e-13
-3.888e-13
-3.5083e-13
1.13687e-13
9.50351e-14
-1.13687e-13
8.32223e-13
5.37348e-13
5.71987e-13
1.14131e-13
1.66089e-13
-1.05027e-13
-3.65485e-13
1.1724e-13
5.02265e-13
-4.35207e-14
-6.53699e-13
-3.83693e-13
-3.33067e-13
-1.36335e-13
1.803e-13
-7.41629e-14
3.4639e-14
1.70863e-13
4.44533e-13
-8.9706e-14
-3.82361e-13
9.37028e-14
1.07025e-13
-4.72067e-13
-4.06786e-13
-1.56097e-13
-3.38507e-13
-9.74776e-14
-3.4861e-14
8.18345e-13
8.60423e-14
4.47864e-13
-4.44755e-13
5.9508e-14
3.88578e-14
-9.77884e-13
-7.54397e-13
-2.44249e-13
3.37508e-14
-1.92735e-13
3.81917e-13
6.99441e-14
-1.13687e-13
4.25437e-13
-3.55271e-15
9.9476e-14
-4.13447e-13
7.41629e-14
3.99236e-13
6.66134e-14
3.82139e-13
-1.02651e-12
-7.32747e-13
1.13243e-14
3.41949e-13
-1.74083e-13
-4.17e-13
5.87419e-13
3.54827e-13
1.07137e-13
-2.59348e-13
6.51923e-13
3.41505e-13
-2.14051e-13
-1.1402e-13
-2.58904e-13
-5.05151e-14
-2.76668e-13
3.22409e-13
-3.45501e-13
-6.02629e-13
2.75224e-13
2.15272e-13
7.40519e-13
-4.63629e-13
7.9492e-14
3.61045e-13
-1.82743e-13
-6.49258e-13
-2.93099e-14
-2.75335e-13
1.13243e-13
1.26388e-12
2.58238e-13
-1.86517e-13
-6.11067e-13
3.48166e-13
2.59348e-13
-1.24345e-13
-4.50306e-13
-1.38556e-13
4.35207e-14
-1.6076e-13
-7.86038e-14
-1.12133e-13
1.02585e-13
-4.39648e-13
-1.92846e-13
-5.973e-14
4.63629e-13
1.05471e-13
-7.77156e-15
-8.24674e-13
1.78968e-13
6.19949e-13
3.00204e-13
-3.59712e-13
-1.64535e-13
4.2899e-13
-1.05693e-12
-3.34843e-13
2.60347e-13
-1.19016e-13
2.54019e-13
-5.1692e-13
1.72307e-13
8.06022e-14
9.4591e-14
-4.81171e-13
8.79741e-13
-1.31894e-13
5.79536e-13
6.21725e-15
-7.9714e-14
3.00204e-13
6.89226e-13
-2.08722e-13
-2.29816e-13
6.23057e-13
-2.6823e-13
1.45661e-13
-4.67182e-13
-6.41265e-13
-1.44773e-13
-4.4853e-14
-2.62013e-13
-1.98452e-13
-3.40283e-13
4.6313e-13
-1.47882e-13
-1.32339e-13
1.5099e-13
1.08802e-13
1.32339e-13
-1.06581e-14
1.19016e-13
-9.57012e-14
6.00853e-13
1.26121e-13
-1.25677e-12
8.86402e-13
5.57332e-14
-3.44613e-13
-3.89022e-13
-4.74065e-14
-3.19744e-13
-2.8777e-13
-6.62581e-13
-1.25233e-13
9.59233e-14
-3.10418e-13
-1.82965e-13
-4.10783e-13
-2.51354e-13
8.65974e-15
3.88578e-13
2.33813e-13
-3.31069e-13
-6.51923e-13
7.57172e-14
-1.38778e-13
2.39808e-13
1.57652e-14
1.20792e-13
6.27942e-13
-2.59348e-13
-2.06946e-13
-1.16795e-13
-7.28306e-14
-1.29674e-13
4.66294e-13
-4.01901e-14
-5.31686e-13
-4.88498e-15
-2.13163e-13
3.47722e-13
1.3145e-13
-1.35891e-13
1.98952e-13
1.09246e-13
2.77112e-13
-3.5083e-14
2.78888e-13
2.67342e-13
3.09086e-13
1.98952e-13
-2.01617e-13
-7.99361e-14
-1.36779e-13
-3.5083e-13
-6.88338e-14
-3.87246e-13
7.81597e-14
1.73195e-14
9.12159e-13
7.01661e-14
-6.58584e-13
1.68532e-13
4.33431e-13
1.92735e-13
9.61453e-14
-4.2899e-13
7.68274e-13
8.66862e-13
-3.59712e-13
-5.59552e-13
4.00568e-13
1.09024e-13
-1.56541e-13
3.97016e-13
-5.68434e-14
-7.34524e-13
-2.64677e-13
4.50306e-13
-2.46025e-13
2.2457e-13
-3.59712e-14
-1.20703e-12
-4.35207e-14
-1.5099e-13
-3.75255e-13
1.68088e-13
2.05835e-13
7.81597e-14
4.18776e-13
1.38556e-13
8.26006e-14
-1.58096e-13
-1.71196e-13
2.66676e-13
-2.81775e-13
1.82965e-13
4.37872e-13
-2.06724e-13
1.42109e-14
5.24525e-13
-7.50511e-13
-5.71099e-13
-2.88658e-14
5.32907e-14
1.9984e-14
-9.14824e-14
-1.90514e-13
1.73195e-13
-7.63833e-14
-3.19744e-14
-2.39808e-13
9.28146e-14
-1.08358e-13
4.6807e-13
-3.08198e-13
4.60076e-13
-1.29674e-13
-1.93623e-13
9.23706e-14
1.9984e-15
1.68976e-13
4.84057e-14
-1.62537e-13
7.08766e-13
6.41043e-13
1.16462e-13
-3.6865e-13
2.13995e-13
1.29052e-12
9.63674e-14
-3.86358e-13
8.77076e-13
-6.52811e-14
-1.53655e-13
2.25597e-13
7.08322e-13
-1.03473e-13
-4.01984e-13
-8.17124e-14
-4.70735e-14
-1.35159e-12
-2.62901e-13
-8.94396e-13
-8.21565e-15
7.4607e-14
2.03393e-13
3.12639e-13
-3.0731e-13
-1.04183e-12
3.43725e-13
-1.94511e-13
2.03837e-13
-1.25233e-13
-8.43769e-15
-2.66454e-14
-5.15143e-14
7.77156e-13
-1.13687e-13
-5.90195e-13
1.42109e-14
1.35225e-13
1.59872e-14
1.45217e-13
-1.33227e-13
2.03504e-13
5.50671e-14
-6.39488e-14
-1.45661e-13
-2.24709e-13
-2.47802e-13
-5.50671e-14
-8.3844e-13
1.0405e-12
-6.53699e-13
2.07834e-13
1.24345e-14
-2.78888e-13
1.40332e-13
4.37428e-13
5.84421e-13
1.79412e-13
-1.81188e-13
2.70894e-14
7.37188e-14
-8.26006e-14
3.15303e-14
-8.88178e-15
-2.66454e-15
-2.85993e-13
-4.77174e-13
-1.71418e-13
-6.10179e-13
-1.84741e-13
5.63993e-14
4.05009e-13
4.17444e-14
-2.61124e-13
-1.25233e-13
-9.90319e-14
2.22045e-14
5.80647e-14
-6.5814e-13
1.95399e-13
-5.18252e-13
1.04805e-13
4.74287e-13
-2.61124e-13
-7.1676e-13
5.58664e-13
8.43769e-15
2.93099e-14
7.01661e-14
-8.26006e-14
2.12608e-13
-5.69322e-13
-5.68434e-14
-1.94511e-13
-7.4607e-14
2.70894e-14
1.90958e-14
0
-1.14797e-13
1.04361e-12
2.66898e-13
1.04139e-13
4.88498e-14
1.01918e-13
-7.03437e-13
-5.37792e-13
1.14131e-13
3.27294e-13
3.29514e-13
1.35891e-13
-5.68434e-14
-5.58442e-14
1.33227e-14
-1.11022e-13
3.31735e-13
2.49134e-13
-1.63869e-13
-7.50511e-14
4.09006e-13
-1.30562e-13
-1.98952e-13
-1.74527e-13
-4.17444e-14
5.94191e-13
2.34035e-13
-2.34146e-13
-7.90479e-14
1.02363e-13
-2.9976e-13
-5.24025e-14
1.72862e-13
-1.09601e-12
-3.57048e-13
1.47438e-13
3.90799e-14
-3.32179e-13
-4.71179e-13
2.39808e-13
-5.33795e-13
1.52767e-13
1.43885e-13
-2.48157e-12
-2.33147e-13
-3.25295e-13
-3.73035e-13
6.01741e-14
7.45626e-13
-1.23457e-13
2.19824e-13
1.0969e-13
-2.3892e-13
-3.81473e-13
5.18696e-13
2.98428e-13
-7.68274e-14
1.43885e-13
1.33005e-13
4.23661e-13
-1.95843e-13
-3.1708e-13
-1.42109e-14
6.66134e-15
-9.34808e-14
-1.88738e-14
-2.30926e-13
3.59712e-14
-2.81108e-13
-8.74412e-13
9.11493e-14
4.10783e-14
-2.76779e-13
1.2701e-13
-9.32587e-14
1.79412e-13
-1.77636e-15
-1.62537e-13
-2.45137e-13
3.16636e-13
-2.75335e-14
8.23785e-14
-1.11289e-12
1.08358e-13
1.03861e-13
2.30926e-14
2.00728e-13
-6.21725e-14
1.79412e-13
-4.74731e-13
-3.29514e-13
3.79252e-13
2.98428e-13
6.31939e-13
-3.91243e-13
-1.08802e-14
-1.72307e-13
2.74003e-13
-6.38711e-13
2.37144e-13
-6.43929e-14
7.36966e-13
-3.0731e-13
-9.77884e-13
1.97176e-13
-1.59872e-14
-4.26326e-14
-1.32672e-13
7.61169e-13
6.34603e-13
8.70415e-14
-7.1676e-13
-9.9476e-14
1.20237e-13
-1.69642e-13
2.81997e-13
1.5099e-13
-3.55271e-15
1.96287e-13
2.83329e-13
1.94511e-13
1.93623e-13
1.13243e-13
-1.49214e-13
-1.1724e-13
1.84963e-13
9.81437e-14
-8.4821e-13
-3.3179e-13
-2.52243e-13
1.00808e-13
4.48253e-13
-4.57412e-14
-4.11671e-13
-3.69482e-13
-3.61933e-13
5.41789e-14
-2.07834e-13
1.47882e-13
-4.73399e-13
4.90274e-13
-5.25358e-13
2.46914e-13
-9.76996e-15
-2.25597e-13
-1.97176e-13
1.76303e-13
1.9007e-13
-3.8014e-13
-1.16795e-13
-2.02061e-13
2.35367e-13
-1.34115e-13
-3.72591e-13
9.70335e-14
2.93321e-13
-2.36033e-13
-3.2685e-13
2.00284e-13
2.85993e-13
1.64313e-13
9.59233e-14
-7.46514e-13
1.30784e-13
4.36096e-13
-3.58824e-13
7.54952e-14
-1.44773e-13
1.05693e-13
2.78888e-13
1.83409e-13
-1.33005e-13
5.98632e-13
7.10543e-15
-1.87406e-13
5.51559e-13
3.55271e-15
-2.02949e-13
-5.59552e-14
2.90434e-13
-7.51177e-13
-2.5846e-13
4.44089e-14
-1.1191e-13
1.22569e-13
6.82121e-13
1.16351e-13
-1.15463e-13
-1.98064e-13
-3.19744e-13
-1.52767e-13
3.97904e-13
1.14575e-13
3.64153e-14
4.9738e-14
-1.84741e-13
-8.61533e-14
3.67706e-13
-2.93987e-13
5.15143e-14
1.60094e-13
-6.39488e-14
9.59233e-14
-1.35891e-13
-5.79758e-13
-1.11555e-12
1.85629e-13
2.94431e-13
2.55795e-13
3.90799e-14
1.86962e-13
-4.56524e-13
-1.68532e-13
-1.94511e-13
4.64073e-13
2.05835e-13
1.58984e-13
3.65263e-13
4.61853e-13
-3.51497e-13
-2.66454e-14
-1.52767e-13
-2.91767e-13
-4.2899e-13
8.98392e-13
-4.11227e-13
-8.23785e-14
-2.84217e-14
-4.44089e-14
-1.09246e-13
-1.7164e-13
-1.46549e-13
-7.28306e-14
-9.54903e-13
1.49214e-13
8.10241e-13
-3.25961e-13
-9.5346e-13
2.12497e-13
7.05103e-13
5.67546e-13
1.12133e-13
4.83169e-13
-1.62981e-13
-1.35891e-13
1.79412e-13
2.91767e-13
-4.21219e-13
9.23706e-14
-1.72307e-13
-4.20997e-13
-3.19744e-13
1.91624e-13
3.55271e-15
-2.47358e-13
-9.91207e-13
3.62377e-13
2.49134e-13
-1.28342e-13
4.26326e-14
1.41664e-13
1.46549e-14
-2.4869e-14
4.40536e-13
5.59552e-14
-4.35207e-14
-3.19744e-13
4.22773e-13
-1.84741e-13
-1.96287e-13
-2.74447e-13
-5.33795e-13
-6.88338e-15
2.74447e-13
1.42997e-13
5.9952e-15
6.23501e-13
-1.54099e-13
1.90958e-13
5.32907e-15
-3.98792e-13
-2.56462e-14
-5.7554e-13
-1.1835e-13
-4.88498e-14
-1.4877e-13
2.75335e-14
1.57208e-13
7.90479e-14
-1.69198e-13
-4.79616e-14
-1.03029e-13
-3.23297e-13
5.24025e-14
-3.76144e-13
-5.10036e-13
1.6831e-13
-2.14939e-13
-5.01821e-14
-3.79252e-13
-1.46105e-13
1.15907e-13
1.96287e-13
1.35891e-13
-1.31228e-13
2.10942e-13
-8.01581e-14
2.39808e-13
-6.41778e-13
3.35731e-13
2.54019e-13
-4.79616e-14
-1.25766e-12
-1.89182e-13
-1.50546e-13
1.0747e-13
2.47469e-13
1.05249e-13
-1.5099e-14
1.57652e-14
-1.07248e-13
3.8991e-13
-8.34888e-14
5.15143e-14
4.76508e-13
-3.77476e-14
2.65565e-13
7.45404e-13
1.26832e-12
-4.44089e-15
-1.10667e-12
-2.49578e-13
2.80664e-13
3.15303e-14
-1.1785e-13
-2.1666e-13
8.63754e-14
-5.62217e-13
2.25597e-13
3.66374e-15
1.96509e-13
3.36037e-13
7.70051e-13
4.39204e-13
1.35447e-13
6.66134e-15
-4.88498e-15
-7.74492e-13
1.38556e-13
-2.18492e-13
-2.66454e-15
5.69822e-14
8.26006e-14
-1.41887e-13
1.52323e-13
-1.11022e-14
-1.25178e-13
-1.57652e-14
3.78364e-13
8.57092e-14
-3.15303e-14
-2.73559e-13
-1.06759e-12
-4.73288e-13
-1.89404e-13
-5.51781e-14
2.30926e-14
-1.09357e-13
2.37921e-13
2.93765e-13
1.31339e-13
-1.1724e-13
-2.08722e-13
4.22995e-13
2.44249e-15
9.03722e-14
-6.79456e-14
-1.56319e-13
2.3892e-13
-2.55129e-13
-4.57412e-14
-3.29514e-13
8.65974e-14
5.53335e-13
8.12683e-14
2.27152e-13
1.27676e-13
7.88258e-15
-3.68594e-13
2.89546e-13
2.02505e-13
-7.87148e-14
1.86073e-13
-1.38334e-13
-6.4837e-13
7.90479e-14
2.81553e-13
3.5083e-14
1.61648e-13
-3.0731e-13
-5.38014e-13
-2.57572e-14
-2.67342e-13
-3.98348e-13
2.69562e-13
-1.93623e-13
-3.41949e-14
-3.17968e-13
-1.3145e-13
-7.28306e-14
6.10179e-13
-5.32907e-15
-3.39728e-13
5.73985e-14
-2.41585e-13
-1.19904e-13
-1.07025e-13
8.26006e-14
2.66454e-14
5.32907e-15
7.90479e-14
1.33671e-13
-2.81553e-13
2.83329e-13
-1.59783e-12
-1.17517e-13
-1.97176e-13
-4.30989e-13
4.26326e-14
1.14131e-13
2.09832e-14
1.24345e-14
-5.15143e-14
3.8114e-13
2.75335e-14
-7.46514e-13
-3.29514e-13
-4.07452e-13
-1.11255e-12
1.75526e-13
2.18381e-13
1.4333e-13
1.05471e-14
-2.03837e-13
2.06279e-13
1.39888e-14
2.01617e-13
2.2804e-13
-5.03153e-13
1.08358e-13
4.13003e-14
1.32339e-13
1.60316e-13
-3.33067e-14
1.02363e-12
-3.0953e-13
-3.24629e-13
-3.23852e-13
-1.57652e-14
3.9968e-13
4.57634e-13
6.03961e-14
-2.35367e-13
-4.63407e-13
3.85469e-13
5.50671e-14
-5.77316e-14
3.49942e-13
3.15303e-14
2.83329e-13
5.34239e-13
6.53699e-13
1.05693e-13
-5.91527e-13
6.03961e-14
-9.28146e-14
1.29063e-13
2.70894e-14
-5.82867e-14
2.12275e-13
1.67422e-13
3.44169e-14
-2.2693e-13
-6.08402e-14
7.81597e-14
-1.01252e-13
-8.59757e-13
3.55271e-13
2.93099e-13
-2.79332e-13
-2.49578e-13
-1.75859e-13
-3.12195e-13
-2.30926e-14
-2.23599e-13
-4.83169e-13
-2.24709e-13
-7.78128e-13
1.06581e-14
-3.11751e-13
-2.50466e-13
-4.60076e-13
9.54792e-14
-4.06786e-13
-6.91447e-13
3.64153e-14
6.15064e-14
1.91847e-13
-2.34646e-13
-3.55271e-15
8.16236e-13
-3.96128e-13
3.93463e-13
2.47802e-13
4.82281e-13
-1.01297e-12
1.00364e-13
-3.5083e-14
-3.10862e-14
1.11022e-13
2.62901e-13
3.33067e-14
-1.36779e-13
-2.15827e-13
-6.56364e-13
-9.05942e-14
1.68754e-13
-2.8777e-13
-1.15863e-12
3.03757e-13
2.32037e-13
-3.97904e-13
4.21885e-13
-4.11449e-13
-1.17906e-13
-1.85629e-13
-9.86766e-13
-1.1724e-13
-5.50671e-14
-3.4639e-14
-1.58096e-12
6.39488e-14
-5.9508e-14
8.17124e-14
-2.62901e-13
6.51923e-13
-3.55271e-15
7.90479e-14
4.32099e-13
-7.07878e-13
-2.62013e-13
7.4607e-14
3.72591e-13
1.29119e-13
3.37508e-14
-2.06057e-12
-3.27738e-13
-1.90958e-14
5.15143e-14
-4.44977e-13
-1.28786e-13
2.93099e-14
-6.80345e-13
6.66689e-14
-2.94209e-13
1.10134e-13
-2.47802e-13
1.1191e-13
-3.52829e-13
4.57412e-14
-3.03757e-13
-4.26326e-14
-1.64313e-14
-1.51879e-13
2.95541e-13
4.68736e-13
1.42997e-13
1.49214e-13
-2.3892e-13
5.39124e-13
-8.79297e-14
1.33671e-13
2.71783e-13
2.59792e-14
-8.88178e-14
2.49578e-13
5.42899e-14
-3.89522e-13
3.14859e-13
-1.8674e-13
6.08402e-13
3.90799e-14
2.66454e-15
-1.79412e-13
4.54747e-13
6.69687e-13
1.61204e-13
-4.47642e-13
-1.95399e-14
5.54667e-13
6.9722e-14
1.18017e-13
-3.73035e-14
-2.2915e-13
-1.2701e-13
4.40536e-13
4.996e-14
3.84581e-13
4.13003e-13
1.72751e-13
1.40332e-13
8.19012e-13
1.4122e-13
5.83977e-14
-6.52811e-14
2.20712e-13
-4.4742e-13
-2.18936e-13
3.50386e-13
8.14016e-13
9.99201e-14
-4.44089e-15
1.05249e-13
7.19425e-14
-5.19584e-14
1.65312e-13
1.85629e-13
-1.66089e-13
-1.16351e-13
1.23013e-13
3.35731e-13
1.15241e-13
-7.77156e-14
-3.1708e-13
-5.29354e-13
-1.55431e-13
-3.78364e-13
-1.46549e-13
1.1402e-13
1.5099e-14
-1.34115e-13
1.01252e-13
-3.55271e-15
2.19602e-13
-6.21725e-15
2.78777e-13
-2.58016e-13
1.52767e-13
1.96732e-13
8.79297e-14
-9.0683e-13
-4.26104e-13
7.33635e-13
-2.85105e-13
2.93099e-14
-1.01252e-13
9.06275e-13
1.49214e-13
8.88178e-16
-1.35003e-12
2.4869e-13
2.18714e-13
4.24549e-13
1.51434e-13
4.90274e-13
1.98952e-13
-1.17684e-13
2.53131e-14
-5.41789e-14
1.86517e-13
1.03778e-13
-3.62377e-13
7.17204e-14
4.62297e-13
-6.43929e-14
-6.4837e-14
8.41549e-14
2.93987e-13
2.23821e-13
-6.12843e-14
-3.22853e-13
1.5099e-14
1.98952e-13
-2.11497e-14
1.54099e-13
-3.10862e-14
2.26485e-14
-1.05721e-13
-1.1493e-12
3.29958e-13
3.73035e-14
-7.54952e-14
-3.67706e-13
-4.35207e-13
-3.29958e-13
-1.33671e-13
-2.30926e-14
1.34559e-13
4.46754e-13
1.74971e-13
1.52545e-13
-4.52971e-14
1.11022e-13
1.24345e-13
1.90958e-13
-8.01581e-14
4.57412e-13
5.71987e-13
5.10703e-15
-2.10498e-13
-2.62013e-14
2.03393e-13
-9.85878e-14
4.01457e-13
-3.95239e-13
4.40425e-13
-1.51879e-13
-1.14797e-13
-3.19744e-14
3.46168e-13
-6.39488e-14
-3.85247e-13
5.48894e-13
-1.84075e-13
-2.48246e-13
-3.5616e-13
-2.30926e-14
1.51545e-14
-4.84057e-14
2.96208e-13
-1.42109e-13
2.54019e-13
4.75175e-14
-9.9476e-14
-3.76588e-13
2.44693e-13
-2.64788e-13
-6.74003e-13
-1.84741e-13
-5.20695e-14
-1.02141e-13
2.77223e-13
-8.09131e-13
-4.4742e-13
1.0747e-13
8.41105e-13
-1.47438e-13
-1.29008e-13
5.04485e-13
-1.58096e-13
-3.5083e-13
-7.63833e-14
-6.07514e-13
1.20348e-13
7.4607e-14
-4.45866e-13
2.55795e-13
2.84217e-14
2.04281e-14
-2.15383e-13
-4.84057e-13
9.50351e-14
-3.06422e-13
-2.70839e-13
2.73559e-13
1.67644e-13
-8.88178e-16
1.09246e-13
4.63629e-13
5.02709e-13
-8.34888e-13
6.21725e-14
5.68434e-14
2.21156e-13
2.77112e-13
3.29514e-13
1.56541e-13
-3.59712e-14
-2.99316e-13
-2.76446e-13
7.32747e-14
-9.14824e-14
-2.60236e-13
2.55795e-13
-1.70974e-14
-2.55795e-13
1.09512e-12
-6.31495e-13
1.35447e-13
-2.93654e-13
5.54223e-13
1.15463e-14
4.58966e-13
-4.80505e-13
-1.06581e-13
1.32339e-13
-3.93019e-13
8.77076e-13
4.91385e-13
-5.54223e-13
-6.18838e-13
3.63265e-13
-3.49942e-13
2.73115e-13
7.72715e-14
-2.29261e-14
3.75693e-13
1.16351e-13
-2.30926e-14
-6.79456e-14
-5.16365e-13
1.1422e-12
-5.59552e-14
2.75335e-13
8.38218e-15
3.23297e-13
-1.66089e-13
8.27782e-13
-3.9968e-14
9.09495e-13
3.28626e-13
-6.94556e-13
1.4122e-13
7.7538e-13
-1.15463e-13
-5.29798e-13
1.58096e-13
-6.80345e-13
1.02141e-13
2.92211e-13
9.72555e-14
2.4869e-14
9.34808e-14
-6.05738e-13
-2.8777e-13
-3.35731e-13
2.35811e-13
-1.86517e-13
-1.10933e-12
2.93432e-13
2.4869e-14
7.10543e-14
-4.5608e-13
-1.36779e-13
1.62714e-12
-3.74811e-13
-1.45661e-13
4.06786e-13
3.63709e-13
-1.32783e-13
2.17604e-13
-9.14824e-14
-2.23821e-13
3.13527e-13
-7.06102e-13
-2.40696e-13
-3.01981e-14
1.84741e-13
2.75335e-14
5.32907e-14
6.75016e-14
5.30243e-13
-2.85105e-13
-8.34888e-14
6.83897e-14
-4.35207e-14
5.23137e-13
1.1191e-13
1.09468e-13
8.17124e-14
-3.4639e-14
4.04121e-14
3.52607e-13
6.70575e-14
-3.43392e-13
-3.81917e-14
9.41469e-14
3.55271e-14
6.35936e-13
-2.49578e-13
-1.7264e-14
1.19904e-13
-6.57252e-14
-3.53051e-14
6.38156e-13
-4.61853e-14
1.33227e-13
-4.31211e-13
-2.13163e-14
3.90799e-14
-5.68434e-14
2.16716e-13
-8.17124e-14
-1.04805e-13
-2.2915e-13
4.44089e-15
-2.24709e-13
-1.34781e-13
2.14939e-13
-1.74527e-13
2.02061e-14
2.27374e-13
-1.95399e-14
-1.18128e-13
-2.32703e-13
-1.2701e-13
-2.4869e-14
-3.14415e-13
-5.32907e-15
1.97176e-13
-3.61933e-13
8.62643e-14
-5.68434e-14
9.99201e-14
3.75699e-13
-1.79856e-13
2.33591e-13
8.52651e-14
-4.96714e-13
1.84297e-13
1.48326e-13
4.45866e-13
-1.13687e-13
-3.06422e-13
1.1493e-12
4.14752e-13
-1.08358e-13
-3.41061e-13
1.7808e-13
3.08642e-13
-2.78888e-13
4.52083e-13
6.75016e-14
1.24345e-14
6.32827e-14
-2.78111e-13
8.88178e-15
4.88498e-15
-4.35374e-13
-1.08802e-14
-1.20792e-13
3.37508e-14
-1.20126e-13
1.27898e-13
1.45217e-13
1.77414e-13
1.19904e-13
2.55129e-13
6.39488e-14
1.42109e-13
2.5846e-13
-2.05169e-13
2.04281e-14
1.10578e-13
2.16716e-13
-2.17604e-13
-6.98996e-13
1.0747e-13
-6.68354e-14
-6.99885e-13
-1.42109e-13
-3.4639e-14
1.83853e-13
-5.9508e-14
5.19584e-13
1.37668e-13
2.38032e-13
1.91847e-13
-2.26485e-14
-2.33369e-13
-1.62093e-13
-4.32099e-13
3.19744e-13
-2.56184e-13
3.95468e-13
3.18856e-13
1.09246e-13
-2.75779e-13
-1.16351e-13
5.77316e-14
2.35367e-13
-9.9365e-15
-3.10862e-13
1.49658e-13
-8.93952e-13
-1.33227e-15
3.22631e-13
-1.82077e-13
-2.86215e-13
-1.07192e-13
5.53335e-13
-6.21725e-15
3.42393e-13
-3.15303e-13
3.21965e-13
-5.36238e-14
-2.5091e-13
1.3789e-13
-1.1795e-12
-1.0103e-13
-4.00568e-13
-3.10862e-14
-1.77636e-15
-2.04281e-14
4.60076e-13
-1.30118e-13
4.08562e-13
5.50671e-14
3.72147e-13
5.86198e-14
-1.42997e-13
1.13243e-14
-2.81386e-13
-2.04725e-13
-5.32907e-15
5.6577e-13
-7.11653e-13
-8.61533e-14
-2.93987e-13
4.26326e-14
-1.24345e-14
-6.68798e-13
-3.48166e-13
8.98837e-13
5.03597e-13
4.18332e-13
-1.40332e-13
-2.59792e-13
2.10054e-13
-3.37508e-13
1.18128e-13
-1.19904e-13
-3.08642e-13
4.36984e-13
2.39808e-14
2.10498e-13
5.32907e-14
-3.37508e-14
-2.84217e-14
-5.54223e-13
-1.40332e-13
-1.03029e-13
5.46452e-13
-3.74811e-13
-2.4869e-14
-1.26121e-13
-2.08278e-13
-5.12923e-14
-1.74083e-13
2.30926e-14
-4.24993e-13
-1.6076e-13
-3.44613e-13
-8.88178e-15
-4.61853e-14
-1.62537e-13
4.01901e-14
-1.27676e-14
1.84741e-13
1.90958e-13
4.93827e-13
7.28306e-14
2.10498e-13
-3.90799e-13
-3.73923e-13
1.33227e-14
1.23457e-13
-2.59792e-13
4.4853e-14
-7.10543e-14
-2.27374e-13
-2.92211e-13
7.99361e-15
6.12843e-14
-9.68114e-14
2.66454e-15
2.21156e-13
-1.73195e-14
-5.79536e-14
3.9746e-14
-2.42861e-14
2.9754e-14
-7.222e-14
-1.75859e-13
1.65201e-13
-1.82965e-13
1.58096e-13
2.13163e-14
-3.1064e-13
1.21902e-13
5.50671e-14
1.23013e-13
-1.46549e-13
1.93845e-13
7.37188e-14
-9.76996e-15
2.54019e-13
1.07114e-12
-1.3145e-13
4.78728e-13
8.12683e-14
6.21725e-15
-7.10543e-14
-6.03961e-14
-3.5083e-13
-2.27374e-13
-5.98632e-13
-3.55271e-14
-2.26097e-13
7.01661e-14
-1.11022e-14
-4.79616e-14
1.11022e-14
-3.2685e-13
-3.55271e-15
-5.19584e-14
-1.45661e-13
-8.08242e-14
2.46914e-13
-1.15463e-13
-2.06946e-13
-8.52651e-14
-8.9706e-14
-8.88178e-14
-3.19744e-14
4.9738e-14
-1.89182e-13
-4.17444e-14
3.32623e-13
-1.14575e-13
2.18492e-13
-1.58096e-13
-3.55271e-15
-8.70415e-14
1.40332e-13
-4.70735e-13
7.99361e-14
-5.20473e-13
-1.43885e-13
1.58984e-13
1.09246e-13
2.84217e-14
2.45137e-13
-1.2168e-13
6.79456e-14
4.61409e-13
-1.96287e-13
3.41061e-13
-2.51354e-13
-1.75415e-14
1.55653e-13
2.33591e-13
-2.31593e-13
-5.05374e-13
-3.11307e-13
-1.46549e-14
-5.41789e-13
-2.46247e-13
1.64424e-13
3.39284e-13
2.45137e-13
4.20997e-13
1.13687e-13
-6.90559e-13
2.11831e-13
-2.3892e-13
4.41425e-13
8.88178e-14
1.68754e-13
-1.04028e-13
-4.65405e-13
7.28306e-14
3.37508e-14
9.59233e-14
-1.62537e-13
2.53131e-13
1.74083e-13
4.44089e-15
2.66454e-15
-2.62013e-14
4.64961e-13
2.48246e-13
-7.50511e-14
5.96856e-13
-2.14939e-13
1.09468e-13
-4.66294e-14
1.14575e-13
2.84217e-14
-2.57128e-13
2.01617e-13
1.86517e-14
-1.57208e-13
7.28306e-14
-7.01661e-14
-5.63993e-14
7.10543e-15
-3.06422e-14
2.4647e-14
2.24487e-13
-1.03917e-13
3.69926e-13
-1.23457e-13
-1.38112e-13
-7.16371e-14
9.41469e-14
-1.2057e-13
1.23346e-13
-1.31894e-13
-2.79776e-13
7.01661e-14
-2.90434e-13
-2.75335e-13
-8.4821e-14
-4.44533e-13
-1.42109e-14
3.28626e-13
2.84217e-14
4.57412e-14
2.49134e-13
-2.53131e-14
5.24025e-14
-4.70735e-14
-2.66454e-13
-4.7029e-13
-1.19904e-14
4.38538e-15
1.08913e-13
-8.92619e-14
2.61124e-13
-5.50671e-14
3.95239e-14
-8.63754e-14
9.83658e-14
-7.39409e-14
3.61267e-13
5.68434e-13
8.64198e-13
-3.88911e-13
-3.11529e-13
2.10054e-13
4.865e-13
-2.42029e-13
1.21236e-13
6.52811e-14
-4.3876e-13
-8.08242e-14
1.09912e-14
1.10481e-13
1.05693e-13
-3.12972e-13
1.89626e-13
-1.73195e-13
3.32179e-13
-4.34319e-13
-6.12843e-14
-1.68754e-14
-2.34479e-13
9.50351e-14
6.39488e-14
2.57572e-14
1.31228e-13
1.64313e-13
-2.66454e-15
4.79616e-14
2.34479e-13
-3.10862e-14
1.75415e-13
2.65121e-13
3.01981e-13
3.48166e-13
-1.98952e-13
-3.2685e-13
4.64961e-13
5.34683e-13
-2.14939e-13
-1.98952e-13
-2.45137e-13
-4.06786e-13
-2.02505e-13
5.11591e-13
4.40536e-13
-2.93543e-13
-4.0723e-13
7.83373e-13
-2.91323e-13
5.13367e-13
1.07114e-12
-1.85629e-13
5.47118e-13
-2.367e-13
4.3876e-13
-3.19744e-14
-6.57252e-14
8.79297e-14
-5.68434e-14
8.25118e-13
1.9007e-13
-7.99361e-15
1.3145e-13
-2.36255e-13
-2.22045e-13
1.65201e-13
2.4869e-14
-4.44089e-13
2.6823e-13
-3.81917e-13
1.36335e-13
-4.16334e-15
1.3145e-13
-2.59126e-13
-5.04041e-14
4.35207e-14
-2.13163e-14
-1.29674e-13
-1.17684e-14
7.10543e-15
-8.54872e-15
-5.37348e-14
-1.39444e-13
-1.03029e-13
-1.9007e-13
-2.27374e-13
-3.0953e-13
3.55271e-14
6.57252e-14
1.34337e-13
1.4877e-13
8.92619e-14
2.84217e-14
-2.35367e-14
-4.58522e-14
1.42997e-13
-3.7037e-13
7.99361e-14
8.17124e-14
8.90399e-14
-9.9476e-14
-1.87406e-13
-1.66978e-13
-2.0961e-13
2.51354e-13
-1.7053e-13
-7.99361e-14
-6.39488e-14
-7.19425e-14
-1.80744e-13
1.29008e-13
6.75016e-14
7.10543e-15
1.74083e-13
1.88294e-13
-4.55636e-13
-2.39808e-14
1.32339e-13
-1.35891e-13
1.92735e-13
-1.43885e-13
-1.19016e-13
-1.06581e-14
6.03961e-14
-5.47118e-13
-1.60982e-13
-1.13021e-13
-5.15143e-14
-6.4837e-14
7.37188e-14
1.5099e-14
-9.30367e-14
1.24345e-14
9.23706e-14
-1.50102e-13
7.54952e-15
1.33227e-14
1.08358e-13
2.30926e-14
1.52767e-13
-5.32907e-15
3.94351e-13
-2.65343e-13
-8.17124e-14
-2.07834e-13
-4.44089e-14
-1.10134e-13
6.75016e-14
-3.90799e-14
-1.42109e-14
-4.98268e-13
6.26166e-14
5.55556e-13
2.09166e-13
-3.81917e-14
9.83658e-14
-2.36255e-13
-1.09912e-14
-2.57572e-14
6.79456e-14
8.39329e-14
-1.10356e-13
-4.52971e-14
-2.66898e-13
-9.59233e-14
-9.41469e-14
1.19904e-14
-2.35367e-14
1.77636e-15
2.70894e-14
-4.45866e-13
2.50244e-13
-4.30767e-14
-7.99361e-14
8.4821e-14
5.25441e-13
-6.83897e-14
1.23457e-13
-7.63833e-14
-3.10862e-14
4.03233e-13
-4.21885e-13
-4.03233e-13
-2.4647e-13
2.38032e-13
-1.50102e-13
-1.85851e-13
-6.21725e-15
1.06581e-13
-1.66089e-13
-7.99361e-15
9.10383e-15
6.30607e-14
3.33067e-14
8.43769e-15
2.13163e-14
8.37108e-14
-4.44089e-14
3.41061e-13
1.3145e-13
1.35003e-13
-4.30767e-14
1.96287e-13
-1.14353e-13
-3.37508e-14
1.26565e-13
1.3145e-13
-7.99361e-15
-3.17968e-13
-5.4623e-14
1.19016e-13
9.85878e-14
7.10543e-14
-2.62013e-13
9.76996e-15
-3.01981e-14
4.42313e-13
-1.1191e-13
1.06581e-14
2.61069e-13
1.86962e-13
1.94067e-13
4.30767e-14
2.8888e-13
-2.13163e-14
8.82627e-14
-1.1946e-13
-1.22569e-13
1.04139e-13
3.64153e-14
3.95239e-14
1.59872e-13
1.35003e-13
-6.15064e-14
-3.4972e-13
-9.76996e-14
-1.84741e-13
-5.41789e-14
-7.28306e-14
5.68434e-14
-3.37508e-14
-3.37508e-14
-2.06057e-13
1.54543e-13
1.39444e-13
-3.03313e-13
1.3145e-13
4.61853e-14
1.24345e-14
-1.72307e-13
-8.17124e-14
3.37508e-14
3.73035e-14
-1.06581e-13
-9.59233e-14
0
-2.38032e-13
-5.32907e-14
-3.55271e-15
2.91545e-13
-2.13163e-13
-1.5099e-14
-1.39888e-13
-6.35048e-14
2.72671e-13
5.50671e-14
1.7053e-13
1.43885e-13
2.98428e-13
-1.94511e-13
9.76996e-15
-2.66454e-15
-1.15019e-13
-1.95399e-13
-1.71418e-13
1.42109e-13
-2.04281e-14
1.45439e-13
1.5099e-14
-1.03029e-13
1.75859e-13
-5.81757e-14
-5.41789e-14
3.12639e-13
-7.28306e-14
-2.10054e-13
-9.50351e-14
5.1692e-13
1.3145e-13
2.93987e-13
4.35207e-14
-5.68434e-14
2.57572e-14
-1.08358e-13
8.88178e-16
-1.54543e-13
7.21645e-14
-1.25233e-13
1.33227e-14
-1.24345e-13
-1.1724e-13
1.20126e-13
1.22125e-13
-1.25233e-13
-3.77698e-13
-8.34888e-14
0
1.7053e-13
2.17604e-13
-3.76366e-14
2.06946e-13
7.90479e-14
2.54019e-13
1.1724e-13
-7.99361e-14
-3.55271e-15
6.92779e-14
-7.10543e-15
1.56319e-13
-1.08358e-13
-1.77636e-15
2.89546e-13
-7.90479e-14
-3.16192e-13
3.69482e-13
-8.9706e-14
-2.13163e-14
-2.03393e-13
2.73559e-13
-1.89182e-13
-2.15827e-13
1.94511e-13
7.66054e-14
-3.19744e-14
2.66454e-15
-1.06581e-13
3.5616e-13
1.28786e-13
1.22569e-13
2.26485e-13
-2.16716e-13
-3.55271e-15
-5.82645e-13
1.33227e-14
4.61853e-14
3.55271e-15
-2.75335e-14
-2.15383e-14
-1.19016e-13
-6.21725e-14
1.03917e-13
-1.95399e-14
1.06581e-14
-3.55271e-15
-6.30607e-14
-1.35558e-13
8.88178e-16
-2.50466e-13
1.28786e-14
4.90719e-14
-1.72307e-13
1.49214e-13
-3.20854e-13
-9.59233e-14
-1.15186e-15
4.4853e-14
-2.10942e-13
6.26166e-14
-1.18128e-13
-8.70415e-14
1.19904e-14
2.49134e-13
8.4821e-14
0
5.30687e-14
7.10543e-15
7.99361e-14
-5.15143e-14
1.02141e-13
8.43769e-15
-8.68638e-13
-2.04281e-14
1.08358e-13
2.02949e-13
-2.62013e-14
5.15143e-14
1.11466e-13
-1.1724e-13
3.55271e-15
-7.10543e-14
3.68594e-14
4.2133e-14
9.85878e-14
-3.10862e-14
1.04805e-13
-1.29674e-13
-3.76921e-14
2.75335e-14
-2.66454e-14
1.29674e-13
-6.92779e-14
-5.63993e-14
-5.32907e-14
-3.55271e-15
-1.06581e-14
-6.57252e-14
1.63092e-13
1.23679e-13
-1.85296e-13
6.21725e-15
-9.9476e-14
4.9738e-14
7.59393e-14
4.04121e-14
4.17444e-14
-1.17129e-13
5.80647e-14
-1.59872e-14
-7.32747e-14
1.07914e-13
1.68754e-13
-5.41789e-14
-3.37508e-14
-8.88178e-15
-1.86517e-13
-2.10942e-14
1.59872e-14
-2.41585e-13
1.34115e-13
1.13687e-13
-7.10543e-14
2.4869e-14
2.13163e-14
5.21805e-14
2.93099e-14
-7.10543e-15
1.42997e-13
-7.28306e-14
5.32907e-14
-2.04281e-14
7.23865e-14
6.4837e-14
4.44089e-14
1.77636e-14
-1.06581e-14
-1.42109e-14
-8.34888e-14
6.21725e-15
7.01661e-14
-3.19744e-14
-1.73195e-14
1.77636e-15
3.15303e-14
-1.12799e-13
5.17364e-14
4.79616e-14
-6.59472e-14
-2.75335e-14
1.79856e-14
4.44089e-14
-5.15143e-14
1.40332e-13
-9.23706e-14
-1.59872e-14
-4.61853e-14
-7.99361e-15
1.06581e-14
3.5083e-14
-4.79616e-14
-1.38556e-13
-6.92779e-14
3.55271e-15
-1.27898e-13
-2.93099e-14
-1.5099e-14
1.82077e-14
-2.32703e-13
-2.93099e-14
-1.77636e-14
4.77396e-14
3.86358e-14
-1.19904e-14
1.23235e-13
-3.95239e-14
-1.26343e-13
1.33227e-14
-2.53131e-14
6.95e-14
-1.38556e-13
-3.9968e-14
4.88498e-14
-3.37508e-14
-5.37348e-14
4.4631e-14
-4.9849e-14
-8.88178e-15
-2.66454e-15
4.61853e-14
3.55271e-15
-1.01252e-13
9.81437e-14
1.20348e-13
2.93099e-14
-1.42109e-13
-2.26485e-14
4.26326e-14
9.76996e-14
-7.78266e-14
6.28386e-14
-2.30926e-14
1.04361e-13
4.13003e-14
-4.9738e-14
-5.01821e-14
-1.2057e-13
-9.54792e-14
-7.72715e-14
4.57412e-14
-4.88498e-14
-8.43769e-14
-4.44089e-14
-2.93099e-14
3.59712e-14
1.55431e-14
-2.95319e-14
3.10862e-15
-1.77636e-14
7.32747e-14
4.35207e-14
-1.04805e-13
1.17684e-13
-1.03917e-13
2.4869e-14
8.92619e-14
-5.68434e-14
6.92779e-14
1.06581e-13
-8.88178e-14
-2.79776e-14
-1.24345e-14
-2.30926e-14
4.44089e-16
-6.57252e-14
-4.57412e-14
-2.04281e-14
-2.57572e-14
-1.24345e-14
-6.21725e-15
-3.55271e-15
-5.41789e-14
-3.37508e-14
6.75016e-14
1.01252e-13
-3.73312e-14
7.63833e-14
-1.95399e-14
-4.44089e-16
2.66454e-14
-3.4639e-14
-5.32907e-14
-4.95159e-14
-2.66454e-15
1.59872e-14
-1.59872e-14
-3.64153e-14
-2.84217e-14
-8.26006e-14
2.22045e-14
1.59872e-14
-5.32907e-15
1.37668e-14
-3.9968e-14
5.24025e-14
-1.06581e-14
3.20854e-14
-4.79616e-14
1.77636e-14
3.01981e-14
-1.42109e-14
7.10543e-15
-1.59872e-14
-3.55271e-15
1.06581e-14
3.37508e-14
-3.90799e-14
8.88178e-14
-2.84217e-14
3.55271e-15
-5.32907e-15
-3.55271e-15
6.03961e-14
6.03961e-14
2.66454e-15
1.06581e-14
-1.77636e-14
-4.08562e-14
5.32907e-15
-1.24345e-14
-2.04281e-14
-5.15143e-14
elapsed time: 33.996663 (sec)
